OBJECTID,fclass,Shape_Length
1,8,0.153483714228
2,8,0.153424468496
3,8,0.21654356495
4,8,0.0190316001513
5,8,0.0141771559559
6,8,0.0148783857329
7,8,0.216599430986
8,8,0.0106066997328
9,8,0.0123860182157
10,8,0.0146171241531
11,8,0.00970922851202
12,7,0.00363912444789
13,8,0.00526815407197
14,8,0.0110177475471
15,8,0.0138030407629
16,8,0.0147612652565
17,8,0.0120200896131
18,8,0.00849881004949
19,8,0.00294291460154
20,8,0.00314264543704
21,8,0.0170386538557
22,8,0.019985000224
23,8,0.00629562481146
24,8,0.00823082718456
25,8,0.0071713351615
26,8,0.00429116373573
27,1,0.00144581209797
28,8,0.00540984184688
29,1,0.0535625034064
30,7,0.263143177413
31,7,0.161519253926
32,5,0.00586687716839
33,5,0.000731866202968
34,7,0.0908344914585
35,7,0.131433981569
36,5,0.0413828453773
37,5,0.00137279847931
38,5,0.00537237545323
39,7,0.00567950190899
40,4,0.0325340556731
41,7,0.00734090316239
42,7,0.0296094953083
43,7,0.0295612856286
44,7,0.0575482144833
45,7,0.0575318487362
46,7,0.00177122171497
47,7,0.238564538977
48,7,0.112036061349
49,7,0.112092035152
50,7,0.158396422008
51,7,0.158081309536
52,7,0.238965868972
53,1,0.027765691342
54,7,0.189635627784
55,7,0.189743236907
56,7,0.0055467360063
57,7,0.00557858375547
58,7,0.00332596342297
59,7,0.077242920444
60,7,0.000587705114442
61,7,0.000672557085736
62,7,0.000689635618085
63,7,0.00924394399021
64,4,0.0698226634182
65,4,0.00743825515993
66,4,0.034898032411
67,5,0.0737396097356
68,4,0.0374236685591
69,4,0.031627947897
70,5,0.0346024905189
71,5,0.0345988716048
72,1,0.00966514348363
73,4,0.00599740248301
74,4,0.0112623407866
75,4,0.0243598769543
76,4,0.0489210970389
77,4,0.0066233032217
78,4,0.015879827453
79,1,0.00766820838008
80,4,0.0312391679474
81,4,0.0119219754452
82,1,0.0078738462554
83,1,0.00275880268925
84,4,0.00743333284889
85,4,0.00644496544402
86,1,0.00716268833693
87,4,0.00294640520372
88,4,0.0322529971786
89,1,0.00821418560729
90,1,0.021891432253
91,4,0.0323677668509
92,4,0.0241351508692
93,4,0.0228779353876
94,4,0.010455312252
95,4,0.00465216574363
96,4,0.00928863868524
97,4,0.009287937576
98,4,0.0191100441258
99,4,0.0191060906198
100,4,0.00909690899086
101,4,0.0136994855894
102,4,0.0279395118084
103,4,0.0604403221811
104,4,0.0242767215187
105,4,0.067729602961
106,4,0.0127930955294
107,4,0.0129874698001
108,1,0.00450422022871
109,1,0.0061366546075
110,1,0.00489060309755
111,1,0.00215946685961
112,1,0.00750895869524
113,4,0.0127239152451
114,4,0.0127458760734
115,4,0.00584758680535
116,1,0.00585691886316
117,4,0.0567222273673
118,4,0.034660378429
119,4,0.0386423670744
120,4,0.0210101990725
121,1,0.0151564670124
122,4,0.0235216236762
123,5,0.0382955066889
124,5,0.0382949269526
125,4,0.000925471213373
126,4,0.0368525685476
127,5,0.0231451186555
128,5,0.0383302477483
129,5,0.0383299562047
130,4,0.0238561610427
131,4,0.0124150537939
132,4,0.00466681570488
133,4,0.00601391052634
134,4,0.00969016752195
135,4,0.00778250576522
136,5,0.0233002497774
137,5,0.0232722452736
138,5,0.0382453456596
139,5,0.0327162630276
140,7,0.0491148555347
141,7,0.0491160113264
142,5,0.018343303737
143,5,0.0183908208292
144,5,0.00290083421658
145,5,0.0580193447684
146,5,0.0579796501845
147,4,0.0106942448131
148,4,0.0133246468072
149,4,0.0302843272771
150,4,0.0302208361093
151,4,0.0302942003325
152,5,0.0191768092363
153,5,0.0434403200831
154,5,0.0635804032691
155,5,0.00115816130711
156,1,0.0707451609145
157,1,0.0574137684428
158,4,0.0184497535186
159,4,0.0184498501101
160,5,0.0980667469829
161,5,0.0980172806848
162,4,0.0106399199438
163,4,0.00341136748813
164,4,0.00341014605441
165,4,0.0297802161976
166,5,0.0197610009489
167,5,0.0197610994346
168,4,0.0133310897833
169,4,0.0133311887255
170,4,0.00832832984836
171,4,0.00832843057192
172,4,0.0270254343133
173,5,0.0104156215509
174,5,0.0104455214445
175,5,0.0680739431425
176,5,0.0588687841876
177,1,0.035271019089
178,7,0.316540229586
179,5,0.00091525255152
180,5,0.000697524970866
181,5,0.0187051398937
182,5,0.0187532362578
183,7,0.221761238061
184,7,0.221813687639
185,1,0.0339351436084
186,1,0.033835536657
187,1,0.0115463147864
188,7,0.0024327910822
189,7,0.00251456112793
190,4,0.0200053477668
191,4,0.00864467832601
192,4,0.00988765925452
193,4,0.00530562710862
194,4,0.0308661775214
195,4,0.028696945893
196,4,0.0185376405052
197,4,0.0185307038309
198,1,0.00263320430542
199,1,0.00263470426482
200,1,0.00576801448154
201,4,0.0104501081353
202,1,0.00441683498886
203,1,0.00970662243094
204,4,0.0128226404345
205,4,0.019066432719
206,4,0.0190663417332
207,1,0.00579216485441
208,4,0.0396068476261
209,4,0.0403373451603
210,1,0.0114899409949
211,1,0.0190504556649
212,1,0.00549305786754
213,1,0.00135366285584
214,1,0.00297839613197
215,1,0.00668709873182
216,1,0.00541573922166
217,1,0.00672299458736
218,4,0.0115125734658
219,4,0.010552298128
220,4,0.00516810318847
221,1,0.00209151123901
222,4,0.000495909148616
223,1,0.000973652159593
224,1,0.00117608558244
225,1,0.00449088482898
226,4,0.00546319481551
227,1,0.00882240653693
228,1,0.00596040802033
229,1,0.00342430425416
230,1,0.00883131725911
231,4,0.0129222108408
232,1,0.004062249407
233,1,0.00402927531145
234,4,0.00624584842841
235,1,0.0124235295224
236,4,0.0304973910457
237,1,0.0101805468666
238,1,0.00573863771154
239,1,0.00576925916507
240,1,0.00588557127939
241,1,0.00371727671345
242,1,0.00576481086296
243,1,0.00140386427875
244,4,0.00804940181275
245,4,0.013312512911
246,4,0.00376805949436
247,1,0.0163939530696
248,4,0.0191812078911
249,1,0.0046890102365
250,4,0.0112456929819
251,1,0.0056253306184
252,1,0.00581637449674
253,4,0.0139363958316
254,4,0.00585102810175
255,4,0.00584909947256
256,1,0.00229242521468
257,1,0.00745025858963
258,1,0.00393683693876
259,1,0.00423857138165
260,1,0.000266502867514
261,1,0.00736040710519
262,3,0.00443119897627
263,1,0.00215932563848
264,1,0.00027070265241
265,1,0.00194375359275
266,1,0.00195295413689
267,3,0.00269653206569
268,1,0.00553802651617
269,3,0.0050262127223
270,1,0.00173911832471
271,1,0.0018071956856
272,1,0.0104637971074
273,1,0.00314399394986
274,1,0.00568884585146
275,1,0.00738586223937
276,1,0.0047192879037
277,3,0.00158585474898
278,3,0.000455321850756
279,1,0.0208446085029
280,1,0.0118614801646
281,1,0.00560513281462
282,4,0.0213149167794
283,1,0.00474747688839
284,4,0.00815156561613
285,4,0.00815234322837
286,1,0.00358601871228
287,1,0.00310395919018
288,1,0.00557017177771
289,1,0.00608066709072
290,4,0.0447502786765
291,4,0.000553863089751
292,4,0.0339391146265
293,1,0.0225715845587
294,1,0.0381356511519
295,1,0.00550258006818
296,1,0.00456427090609
297,1,0.00389728403684
298,1,0.00256250311361
299,3,0.000651292885047
300,3,0.00165156577205
301,1,0.013338281863
302,4,0.0114378417882
303,4,0.00621358659687
304,4,0.00621358624505
305,4,0.00668294567257
306,4,0.0105725125166
307,7,0.00981865626453
308,5,0.00986292817755
309,4,0.0146072702441
310,4,0.0146055705298
311,1,0.00666110261421
312,1,0.00278334977294
313,1,0.00689826673482
314,1,0.00278983279481
315,1,0.00295147789109
316,1,0.0113479039385
317,4,0.0022849017101
318,1,0.00390895038992
319,1,0.00123704555198
320,4,0.0133794876527
321,1,0.0143126146297
322,1,0.00231796611134
323,1,0.0101007339501
324,4,0.00335374204943
325,4,0.00334992996837
326,4,0.0210251166769
327,4,0.0212673517155
328,4,0.0212519296565
329,1,0.0025206069766
330,3,0.00294762734062
331,1,0.00605603923584
332,4,0.00542506057507
333,4,0.00542526022234
334,4,0.0155556551387
335,4,0.0155596483471
336,5,0.0842174303158
337,4,0.0265877774978
338,4,0.026588277547
339,4,0.0177411691217
340,4,0.017721458113
341,4,0.0342941650604
342,4,0.0342667839173
343,4,0.0172992297567
344,1,0.00820726519412
345,1,0.00568032399063
346,1,0.00145121610675
347,1,0.00699005090691
348,1,0.00139439965064
349,1,0.00625119260768
350,3,0.00286266628367
351,3,0.000579763979876
352,3,0.000577473017054
353,3,0.000866559429718
354,3,0.000868031260964
355,3,0.000969514866259
356,1,0.00171381226716
357,1,0.00111608552374
358,3,0.00107627388262
359,3,0.00107124366542
360,1,0.000839753451956
361,1,0.0010596417829
362,1,0.00275003256526
363,1,0.00296415675576
364,1,0.00168117078421
365,1,0.00168269710663
366,3,0.000708798664553
367,1,0.000973364880273
368,1,0.00202153190439
369,1,0.0036861943663
370,1,0.00341291081947
371,1,0.000186003735497
372,1,0.00415293656503
373,1,0.00244600792986
374,1,0.00163474770849
375,1,0.00164361712404
376,1,0.00428246603338
377,1,0.00394917694884
378,1,0.00216609729676
379,1,0.00533969796245
380,1,0.00541902669216
381,1,0.0106550877688
382,1,0.003941583238
383,1,0.00665346467777
384,1,0.00547807557126
385,4,0.00678237930377
386,4,0.0176240763601
387,4,0.00273981044323
388,4,0.0046698253523
389,3,0.00141899653517
390,3,0.00142014912529
391,3,0.00069684287129
392,3,0.000696943589018
393,3,0.000315619383657
394,3,0.00328398733559
395,3,0.000513632867684
396,3,0.000519532058493
397,3,0.0102912237343
398,1,0.00451942063536
399,1,0.00290190209026
400,4,0.0209117568879
401,4,0.00429440194407
402,1,0.00412794689501
403,1,0.00284927404059
404,1,0.00498867755902
405,1,0.00505230874103
406,1,0.00141021689101
407,1,0.00514549483337
408,1,0.0180245261765
409,1,0.00090047547562
410,1,0.00737233713089
411,1,0.00167980665164
412,1,0.00175468818633
413,4,0.00644337043608
414,4,0.00574395766535
415,1,0.00505870417424
416,4,0.00964731941079
417,1,0.00291180361261
418,1,0.0274489985744
419,1,0.0143061357617
420,1,0.00465466526266
421,4,0.0282776040624
422,3,0.00951503327699
423,1,0.00236783928249
424,1,0.00360260259
425,1,0.00171282960984
426,1,0.00620582693442
427,1,0.000460908662193
428,1,0.00907168709214
429,1,0.0108669461254
430,1,0.00249654404536
431,3,0.00100463203862
432,3,0.000645421952013
433,3,0.00131596793572
434,1,0.00243064500504
435,3,0.000691600591052
436,3,0.00207364341964
437,3,0.00196141701491
438,3,0.000899753966636
439,3,0.00256791672883
440,3,0.00204761700015
441,3,0.00118340032289
442,3,0.00128550236522
443,3,0.0012660669995
444,3,0.00118782523435
445,3,0.00118728930589
446,3,0.000811280770917
447,3,0.00142676848345
448,3,0.00604829721813
449,3,0.000286611342895
450,3,0.000813634916429
451,3,0.000714865864185
452,1,0.00430467162934
453,3,0.00148870644691
454,3,0.00283819030433
455,3,0.000328301445156
456,3,0.00024933866044
457,3,0.00205731394648
458,3,0.00199520722724
459,3,0.00199740053702
460,3,0.000680600970525
461,3,0.00375559883025
462,3,0.00123220049238
463,3,0.00231474143574
464,3,0.00196495892043
465,3,0.00202131101125
466,3,0.000756202725889
467,3,0.00180721177327
468,3,0.00170361216446
469,3,0.000886431419439
470,3,0.000962426000276
471,3,0.00128844634743
472,3,0.0020089308588
473,3,0.00139549286428
474,3,0.00127594622707
475,3,0.00170816189159
476,3,0.00472340901866
477,3,0.00160222596115
478,3,0.00406056218797
479,3,0.00371456883386
480,1,0.00189936630277
481,3,0.00103521089728
482,3,0.0010348112656
483,1,0.00303733575478
484,1,0.00276001745627
485,1,0.00741113074686
486,2,0.00526670070926
487,1,0.000990647340591
488,1,0.0113988822003
489,3,0.000704002141388
490,3,0.00113021246065
491,3,0.00188610001449
492,3,0.00275870340715
493,3,0.0027532364275
494,3,0.00361768527099
495,1,0.00297969413941
496,1,0.0026403343247
497,1,0.00192449971587
498,1,0.00106157908623
499,1,0.00326356014424
500,3,0.00192282858776
501,3,0.00229200207075
502,3,0.00263030024814
503,3,0.000590208551633
504,3,0.00358251235933
505,3,0.000989967792015
506,3,0.00260985665191
507,3,0.000496500158966
508,3,0.000680435102354
509,1,0.00379830571372
510,1,0.00293010079654
511,1,0.00837501587418
512,3,0.00140303549842
513,3,0.00336432141801
514,3,0.0011227041019
515,3,0.00050590145181
516,3,0.00455771572699
517,3,0.00119440583478
518,3,0.00231771007619
519,3,0.00231801045198
520,3,0.00231840974284
521,3,0.0029829137256
522,3,0.00298331391539
523,3,0.00298361309175
524,3,0.0077362302542
525,3,0.0029601130157
526,3,0.00295961268941
527,3,0.00295901315206
528,3,0.00295891332488
529,3,0.00295941334213
530,3,0.00295981234123
531,3,0.00296011301667
532,3,0.000520905445653
533,3,0.000521405467569
534,3,0.000307601832672
535,3,0.00338492672186
536,3,0.00305643075707
537,3,0.000429704801972
538,3,0.00295561645435
539,3,0.00105989982621
540,3,0.00110490009281
541,3,0.00134180083286
542,3,0.000192902182808
543,3,0.00172508605257
544,3,0.000246201503055
545,3,0.00189696495031
546,1,0.000870516103609
547,1,0.000869415353082
548,1,0.0021662369401
549,1,0.00216623752771
550,1,0.00216613770468
551,1,0.00216623783946
552,1,0.00685353432009
553,3,0.00140320414572
554,3,0.000181100325336
555,3,0.000548879802299
556,3,0.000389203020071
557,3,0.000389103192708
558,3,0.00442180768337
559,3,0.000503105364231
560,3,0.000502906203311
561,3,0.000377004597497
562,3,0.00141720707237
563,3,0.00648867975742
564,3,0.00149648214975
565,3,0.0014388102737
566,3,0.00054714457825
567,3,0.000536597038232
568,3,0.00204650405303
569,3,0.00773409181802
570,1,0.00214341503103
571,1,0.00313720247349
572,1,0.0104210771765
573,1,0.00356336329296
574,1,0.00631386646304
575,1,0.00379008805439
576,1,0.00693841779749
577,1,0.00051799980136
578,1,0.012699210632
579,1,0.00787373982995
580,1,0.00144445561928
581,1,0.00186245792403
582,1,0.0136414671277
583,1,0.0159329761647
584,1,0.00717378822326
585,4,0.0303699786342
586,4,0.0282259131544
587,1,0.0109388320086
588,1,0.00545765162969
589,1,0.00351977402071
590,1,0.00294221132878
591,3,0.000360193750609
592,3,0.00504731098177
593,3,0.00298782769911
594,1,0.00851121900411
595,3,0.000774220461878
596,3,0.000799437255334
597,3,0.00305974919565
598,3,0.00131494094863
599,3,0.00176088229565
600,3,0.0027372864046
601,3,0.00104980254725
602,3,0.00578842150835
603,3,0.00175310773637
604,3,0.00175390783053
605,3,0.00262551125299
606,3,0.00262551125311
607,3,0.000696205507549
608,3,0.000678512202914
609,3,0.000913104272959
610,3,0.00132542489985
611,3,0.000992500776544
612,3,0.00138340712004
613,3,0.000493205737678
614,3,0.000493105914085
615,3,0.00273542186565
616,3,0.00177666225645
617,3,0.000805703801999
618,3,0.00237922136097
619,1,0.00579965191871
620,3,0.000620811239818
621,3,0.00331462967497
622,3,0.000107100450193
623,3,0.000382800667282
624,3,0.000387201455449
625,1,0.0114172330909
626,3,0.0046338925251
627,3,0.000140100878653
628,3,0.000167000684655
629,3,0.0049316880223
630,3,0.00128000342849
631,3,0.00160471325291
632,3,0.000414403492603
633,3,0.00253560413295
634,3,0.00122240855027
635,3,0.00142705003239
636,3,0.000307204688432
637,3,0.000307205587793
638,3,0.00222319788102
639,3,0.00018290235508
640,3,0.00176932245946
641,3,0.00149812550264
642,3,0.00160181555671
643,3,0.00137292803433
644,3,0.00167589861692
645,3,0.00261955373624
646,3,0.00213874166365
647,3,0.00052690362407
648,3,0.00462852051558
649,1,0.00179611092578
650,1,0.00227916889077
651,1,0.00402693966622
652,3,0.0005968296743
653,3,0.000569902737707
654,3,0.00348695735873
655,3,0.00158838246953
656,3,0.00304350511282
657,1,0.0027484503005
658,3,0.000496123501135
659,3,0.00219394240923
660,3,0.000438578096135
661,3,0.00268809104457
662,1,0.00320348176048
663,1,0.00110766024208
664,1,0.00280029309597
665,1,0.00760137295176
666,1,0.000962249856992
667,1,0.00688098731033
668,3,0.000858401337113
669,1,0.0026862106695
670,1,0.0018897552299
671,1,0.00302318005966
672,1,0.00466734898157
673,3,0.00114703129243
674,3,0.00314974522633
675,3,0.000839641339189
676,1,0.00216927255089
677,3,0.000247837395419
678,3,0.00365176872509
679,1,0.0107658908333
680,1,0.00286640673758
681,3,0.00293597725782
682,3,0.000331810558573
683,3,0.00200484971346
684,3,0.00186987396949
685,3,0.00211069644386
686,3,0.0213141493847
687,3,0.0154095519749
688,1,0.0129185221707
689,3,0.0183175822803
690,3,0.00475536403796
691,3,0.00741661336879
692,3,0.00191941408074
693,3,0.000976151094806
694,3,0.00293396515575
695,3,0.0029830781696
696,3,0.0045732006904
697,3,0.00629482821393
698,3,0.00145182190413
699,3,0.0023437882548
700,3,0.0056550485826
701,3,0.00139370832626
702,1,0.00211933325289
703,3,0.00150178558947
704,3,0.0140684426102
705,3,0.00148752233881
706,3,0.00874635206958
707,3,0.000336307362253
708,5,0.00259587287958
709,3,0.00110643414578
710,3,0.000329426854483
711,3,0.00106416864288
712,3,0.00265874583753
713,3,0.00139546598711
714,3,0.000729198922084
715,3,0.000720077956144
716,3,0.000955318570716
717,3,0.000754817323848
718,1,0.000778281591594
719,1,0.00186600775077
720,3,0.000461301881941
721,1,0.00179418927684
722,3,0.000815600401811
723,3,0.0011744008719
724,3,0.00049082211291
725,3,0.00137854734049
726,3,0.00155050280565
727,3,0.00151330611154
728,3,0.000932014879885
729,1,0.00643481195162
730,1,0.00489604020387
731,3,0.00187023422694
732,3,0.00104229313678
733,3,0.0020709181508
734,1,0.0354120175524
735,1,0.00616390624501
736,1,0.00438066969453
737,1,0.000573106527482
738,1,0.0173970568234
739,1,0.00463506247003
740,4,0.0112897685232
741,1,0.00819068447507
742,1,0.0129277738196
743,1,0.0045928499144
744,1,0.000405408550934
745,1,0.00231906276258
746,1,0.00225566715134
747,1,0.0023106898709
748,1,0.00307222114722
749,1,0.00407800036251
750,3,0.00171527956374
751,3,0.00175272629206
752,1,0.0020744012432
753,1,0.00352002074007
754,1,0.00346634086842
755,3,0.000985333276887
756,3,0.0031864555811
757,3,0.0020915683288
758,3,0.0034976840833
759,3,0.00227608131463
760,3,0.00107542638307
761,3,0.00162946280132
762,3,0.000379118409308
763,3,0.000489458111126
764,1,0.00594150738672
765,3,0.000320443531492
766,1,0.00384190001081
767,3,0.00034888161153
768,3,0.000499821045794
769,3,0.00151353854188
770,3,0.00105860007911
771,3,0.00193400015871
772,3,0.00193480055541
773,3,0.00193550022789
774,3,0.00342060902745
775,3,0.000720199605452
776,3,0.0024965313342
777,3,0.00195050907403
778,3,0.00121801328426
779,3,0.000503612724224
780,3,0.00153061582588
781,3,0.000645225792377
782,3,0.00654773103946
783,3,0.00154464844741
784,3,0.00464917478007
785,3,0.00201588748276
786,3,0.00201942168614
787,3,0.00202090167793
788,1,0.00315294611919
789,1,0.00347571562726
790,1,0.00788968106942
791,4,0.0330500393343
792,4,0.0329793786109
793,1,0.00461753003057
794,3,0.00106501965501
795,3,0.000953458083967
796,3,0.000735739110567
797,3,0.00884863437045
798,3,0.0014498198904
799,3,0.00101872189338
800,3,0.00112790003254
801,3,0.000938839899965
802,3,0.00139180346989
803,3,0.00143432646389
804,3,0.00065120092178
805,3,0.00121261846287
806,3,0.000462906694367
807,3,0.00267983493286
808,3,0.00037873709845
809,3,0.00181357596571
810,1,0.00335125711771
811,1,0.00745144874585
812,1,0.00663870593525
813,1,0.0038593836621
814,1,0.00327848199536
815,3,0.00252575186852
816,3,0.000980565089749
817,1,0.00580569635331
818,1,0.00253998815964
819,1,0.0018708735324
820,5,0.0272441984153
821,5,0.0272275282728
822,1,0.0023423934054
823,1,0.00128081694509
824,1,0.00296808761904
825,1,0.00352142297371
826,1,0.00368695460091
827,1,0.00284030313212
828,1,0.00161008270757
829,1,0.00842100533019
830,3,0.000775468082238
831,3,0.00131368361919
832,3,0.000829788977967
833,3,0.00126442694643
834,3,0.00378950326451
835,3,0.000434832933824
836,3,0.000917905739274
837,3,0.000434701951159
838,3,0.000407401308892
839,1,0.00696323075948
840,1,0.000725195429257
841,1,0.00403284344248
842,1,0.00483973813955
843,1,0.00436096927745
844,1,0.0220131779786
845,1,0.00402402004136
846,4,0.0121331129622
847,1,0.0164665617448
848,3,0.00246756124693
849,3,0.00489730186126
850,1,0.00461974309229
851,1,0.00196459466056
852,3,0.00136155563978
853,3,0.000597001967503
854,3,0.000749104702689
855,3,0.00262430156623
856,1,0.00226033461513
857,1,0.00204244861019
858,1,0.00351384050911
859,1,0.00278578668588
860,3,0.000220903736771
861,3,0.00303411886059
862,3,0.00665901376922
863,1,0.00156891618411
864,1,0.00400417588591
865,1,0.00253312051053
866,1,0.00593424848712
867,1,0.00380963547474
868,1,0.00383274930076
869,1,0.00223354305976
870,1,0.00368664260053
871,1,0.0071784187332
872,1,0.00328900358474
873,1,0.00336073359458
874,1,0.00722692197264
875,3,0.00151398651745
876,3,0.000989443583726
877,3,0.000557411458632
878,3,0.000826999715176
879,3,0.00184405149828
880,3,0.00216186630143
881,3,0.00278695025993
882,1,0.00488275972788
883,1,0.00103741828186
884,1,0.00840164016929
885,1,0.00331472872983
886,1,0.00887572059406
887,1,0.00263761311724
888,1,0.00430321801038
889,1,0.000610646255384
890,1,0.00241006658059
891,1,0.00231820797787
892,1,0.00672987237223
893,1,0.00626635146421
894,1,0.00330683173448
895,1,0.00169187226422
896,1,0.00185979197996
897,3,0.00561878115015
898,3,0.0116980165745
899,1,0.00129907853061
900,1,0.00486679176668
901,1,0.00483600950457
902,1,0.00752653662137
903,1,0.00371619926425
904,1,0.00198919540043
905,3,0.000457300258008
906,3,0.00458690917354
907,3,0.0011280009918
908,3,0.0047738780689
909,3,0.000838007716175
910,3,0.00069120091397
911,3,0.00135277434624
912,3,0.00110297139413
913,3,0.00132769971356
914,3,0.000552982288206
915,3,0.00159872314783
916,3,0.000886537417695
917,3,0.000650355325622
918,1,0.00392088594168
919,1,0.0039391789552
920,1,0.00197860787722
921,1,0.002137388951
922,3,0.00154837181128
923,3,0.00173855813154
924,3,0.00197681397368
925,1,0.00297229632075
926,3,0.00107245033177
927,3,0.000845452351884
928,3,0.00076700783515
929,3,0.000686005819765
930,1,0.00130520570519
931,1,0.00208382429227
932,3,0.000871497734104
933,3,0.00178852242204
934,3,0.00183895854558
935,3,0.000962407606086
936,3,0.00136842798781
937,1,0.00125118184469
938,3,0.000888323016465
939,3,0.000343008741224
940,3,0.00200422238665
941,3,0.00221322498602
942,3,0.00109589420649
943,3,0.000745611819149
944,3,0.000296704036191
945,3,0.00126893506866
946,3,0.00164243216909
947,3,0.00092820071503
948,3,0.00163683889922
949,3,0.00133310195905
950,3,0.00360803047754
951,3,0.00328424359466
952,3,0.00369573516574
953,3,0.00679492341547
954,3,0.00346787782375
955,3,0.000831087183223
956,3,0.000492107436287
957,3,0.00231352287311
958,1,0.0190996755023
959,3,0.00105682696022
960,1,0.00385016895261
961,1,0.0022299399544
962,1,0.0022247159185
963,1,0.00212490137593
964,1,0.00200004852586
965,1,0.00238412426983
966,1,0.000659976137606
967,1,0.00307811975957
968,1,0.00304160225203
969,3,0.000249369981437
970,3,0.00158424788583
971,1,0.00249993594076
972,1,0.00214235791863
973,3,0.00103983696179
974,3,0.00092522740749
975,3,0.000921184749243
976,3,0.00381353374585
977,3,0.000812100705943
978,3,0.00132922577334
979,3,0.00178473762523
980,3,0.000709631826359
981,1,0.00176665091969
982,3,0.00312659316759
983,3,0.00154362197441
984,3,0.00802992096196
985,3,0.000778202387595
986,3,0.00238275341561
987,1,0.00707938646863
988,1,0.00126945196842
989,1,0.00145896929368
990,1,0.00144385130029
991,1,0.00260227639861
992,1,0.00252548017753
993,1,0.000847676845511
994,1,0.00281474711189
995,1,0.000524370009309
996,1,0.000766835215381
997,1,0.000804904861268
998,1,0.000965108114159
999,1,0.00189316361229
1000,1,0.00160778863017
1001,1,0.00114150982897
1002,1,0.00120824988916
1003,1,0.00133687302605
1004,3,0.000778229294779
1005,1,0.00110373477207
1006,3,0.000980778287337
1007,3,0.000981179731758
1008,3,0.000981477904082
1009,3,0.000689055222885
1010,3,0.000437834414101
1011,3,0.00171414577363
1012,3,0.000701761248493
1013,1,0.00374073008321
1014,3,0.000943808293643
1015,1,0.00106760300365
1016,1,0.000909848611505
1017,1,0.00156019721996
1018,1,0.00466073224549
1019,1,0.0030688659834
1020,1,0.00160860235781
1021,1,0.00301058314652
1022,3,0.000763754177734
1023,3,0.000672346814566
1024,1,0.00072124962346
1025,1,0.00412569691472
1026,1,0.00433457408148
1027,1,0.00838553089463
1028,1,0.00172996487136
1029,1,0.000810532174484
1030,1,0.00452163573115
1031,1,0.0029967562169
1032,1,0.00215821272362
1033,1,0.00326097139407
1034,1,0.00474907265697
1035,1,0.00569604493964
1036,3,0.000555316462513
1037,1,0.0023583650277
1038,1,0.00240944434216
1039,3,0.00205357457764
1040,3,0.00209768180427
1041,3,0.00338587246965
1042,1,0.00106942902547
1043,3,0.00172670039405
1044,1,0.00096412476788
1045,1,0.00106230179604
1046,1,0.00221477601396
1047,1,0.000801955858028
1048,1,0.00296382335692
1049,3,0.00127508470502
1050,1,0.00276224986236
1051,3,0.000831097102624
1052,3,0.000733622227694
1053,3,0.00160444061781
1054,3,0.0024544395084
1055,3,0.00197962978759
1056,3,0.00100911870722
1057,3,0.00307496588168
1058,1,0.00212285450845
1059,1,0.00114189125436
1060,1,0.00252948892506
1061,1,0.00163446061844
1062,1,0.00165420277257
1063,1,0.00182252065206
1064,1,0.00279430171368
1065,1,0.00256440428781
1066,1,0.000119288020275
1067,1,0.00585500618529
1068,1,0.00712572597129
1069,1,0.0027712048007
1070,1,0.00598745589462
1071,3,0.00315717005688
1072,1,0.00362255501052
1073,3,0.0013907998441
1074,3,0.000433031715249
1075,3,0.00197437061703
1076,3,0.00273724466949
1077,3,0.00170172996868
1078,7,0.00362739332274
1079,5,0.0124334624976
1080,3,0.000569114042383
1081,3,0.00667124928471
1082,3,0.00302707103799
1083,3,0.000354840718374
1084,3,0.00106042685359
1085,3,0.00314211825295
1086,3,0.000566337168007
1087,3,0.00248519228058
1088,3,0.00138999575427
1089,3,0.00367090764078
1090,3,0.00192997816197
1091,1,0.0123419959292
1092,1,0.00553148867729
1093,1,0.00331496988541
1094,1,0.00172200578443
1095,1,0.00625070010972
1096,1,0.00457597833673
1097,1,0.00456450834286
1098,1,0.00249757584416
1099,1,0.00127047608329
1100,1,0.00132859024173
1101,1,0.00258868509378
1102,1,0.0100442172988
1103,1,0.0012822758686
1104,1,0.00126142320387
1105,1,0.00620743882101
1106,1,0.00131242491141
1107,1,0.00722248548668
1108,1,0.00308052434738
1109,1,0.00260277616642
1110,1,0.00249917202071
1111,4,0.0137649586942
1112,3,0.00164833116283
1113,3,0.00561167369542
1114,1,0.00408670670999
1115,1,0.00234039189759
1116,1,0.00430369173118
1117,1,0.00238093445229
1118,1,0.00505407905903
1119,1,0.00432296994851
1120,1,0.00254368364905
1121,1,0.00199063277992
1122,1,0.00176662479987
1123,1,0.00208782997917
1124,1,0.00092629412586
1125,1,0.00505741035946
1126,1,0.0011838788113
1127,1,0.00388472093154
1128,1,0.0124630736445
1129,1,0.00263816941471
1130,1,0.00533145585689
1131,1,0.00174636941066
1132,1,0.00645456424431
1133,1,0.0173271956472
1134,1,0.00145791196093
1135,1,0.00475518683874
1136,1,0.00394956897097
1137,1,0.00545189096885
1138,1,0.000862060408578
1139,1,0.004911391164
1140,1,0.00487835425052
1141,1,0.00169632864115
1142,1,0.00372335018161
1143,1,0.00114678537147
1144,1,0.00315022553423
1145,1,0.00625757631363
1146,1,0.00549446831244
1147,1,0.00611964756522
1148,1,0.0024220344697
1149,1,0.00102033111278
1150,1,0.00702480266625
1151,1,0.00351831610685
1152,1,0.00395804577573
1153,1,0.00395010917023
1154,1,0.00445472911715
1155,1,0.00915156334068
1156,1,0.002421052612
1157,1,0.00883604058615
1158,1,0.00426065550887
1159,1,0.0105602614326
1160,1,0.00873179614431
1161,3,0.000273841562029
1162,3,0.00186690105896
1163,3,0.00149708397987
1164,3,0.000578506031171
1165,3,0.000437405138467
1166,3,0.0017771112068
1167,3,0.000484604681209
1168,3,0.000557979920936
1169,3,0.000519012205999
1170,3,0.00275966343009
1171,3,0.00243944764469
1172,1,0.000733892519827
1173,1,0.00188206284731
1174,1,0.00110047699132
1175,1,0.00171116175674
1176,1,0.000830172762973
1177,1,0.00211053260923
1178,1,0.00573345696122
1179,3,0.000971577684447
1180,3,0.00202004824555
1181,3,0.000842348171528
1182,3,0.000845301907229
1183,3,0.00158433315708
1184,3,0.00314948525986
1185,3,0.00640329392131
1186,3,0.00191788213973
1187,3,0.00112340844319
1188,3,0.000784878183155
1189,3,0.0014323131512
1190,3,0.0032352398147
1191,3,0.000416040737616
1192,3,0.00212638889502
1193,3,0.00161584084909
1194,3,0.00142790968695
1195,3,0.00174280847054
1196,3,0.00174543314337
1197,3,0.00358545039584
1198,3,0.00175085143773
1199,3,0.00119614887705
1200,3,0.00444641897656
1201,3,0.00159293583056
1202,3,0.00231507526838
1203,3,0.00261632190742
1204,3,0.00227023130157
1205,3,0.0019518194227
1206,1,0.0289100776953
1207,1,0.00174170106794
1208,1,0.00301817058826
1209,1,0.00830470104765
1210,1,0.0122508809812
1211,1,0.0155600788487
1212,1,0.0182301043197
1213,1,0.00777479823158
1214,1,0.00118573783272
1215,1,0.00103435367005
1216,1,0.00197031169012
1217,1,0.00158438925454
1218,1,0.00139926961104
1219,1,0.000838365152342
1220,1,0.00288108464044
1221,1,0.00953173299465
1222,1,0.00171094318659
1223,1,0.0103676297748
1224,1,0.00158843557902
1225,1,0.00329620478761
1226,1,0.00174276761311
1227,1,0.00410556413215
1228,1,0.00368024424514
1229,1,0.00696633762216
1230,1,0.0311403648411
1231,1,0.00801785371423
1232,1,0.00799526131893
1233,1,0.0183981240998
1234,3,0.000490614681954
1235,1,0.00386444375141
1236,3,0.00317625570759
1237,3,0.00159323040641
1238,3,0.000175700698658
1239,3,0.000557602426385
1240,3,0.00216321135277
1241,3,0.000387702058081
1242,3,0.003850178845
1243,3,0.000753072859027
1244,3,0.000872717647549
1245,1,0.000892601073324
1246,1,0.0041361122265
1247,1,0.000967820205959
1248,1,0.000836254696814
1249,1,0.000816376165863
1250,1,0.000841909721814
1251,1,0.00105104541477
1252,1,0.0013150967335
1253,1,0.00784903596676
1254,1,0.00125015847378
1255,3,0.00889806325112
1256,1,0.00123214819296
1257,1,0.00122559382553
1258,1,0.0027764265877
1259,1,0.00493295691218
1260,1,0.00370615518178
1261,1,0.00101557846256
1262,1,0.0014488581111
1263,1,0.00198224705723
1264,1,0.00104005329792
1265,1,0.00104252335701
1266,1,0.00483432309372
1267,1,0.000600043200488
1268,1,0.000599960792673
1269,1,0.00227506234336
1270,1,0.00101022746227
1271,1,0.000485286793398
1272,1,0.00799969373499
1273,1,0.000649639481296
1274,1,0.00308881299475
1275,1,0.00196879775063
1276,1,0.000903357978705
1277,1,0.00113917990183
1278,1,0.0026990350615
1279,1,0.00556149777377
1280,1,0.00281214115752
1281,3,0.0018620639084
1282,3,0.00327302224362
1283,3,0.0030485511855
1284,3,0.00339600677027
1285,3,0.00410147251154
1286,1,0.000811898964759
1287,1,0.000790461962831
1288,1,0.000790436903831
1289,1,0.00270802815101
1290,1,0.00100056069807
1291,1,0.000836061262958
1292,1,0.000720262791677
1293,1,0.00142527641517
1294,1,0.00394592150246
1295,1,0.00257049182861
1296,1,0.00563981205409
1297,1,0.0023534309543
1298,1,0.00155872402757
1299,1,0.000955932283367
1300,1,0.00293064448122
1301,1,0.00292908352412
1302,1,0.00292928633849
1303,1,0.00185987734141
1304,1,0.00383110861641
1305,1,0.0041256360213
1306,1,0.00344802690593
1307,1,0.0122540748805
1308,1,0.00128512980487
1309,1,0.00202517667055
1310,1,0.00319991328258
1311,1,0.0120993794971
1312,1,0.0086041515136
1313,1,0.00576219148994
1314,4,0.0265682447197
1315,3,0.00144676783352
1316,3,0.00144625487208
1317,1,0.00296722111452
1318,1,0.000886714802188
1319,3,0.00188137460462
1320,3,0.00190769472841
1321,1,0.00501697401274
1322,1,0.00354155701105
1323,3,0.0016322570699
1324,3,0.000206592321323
1325,3,0.00431587710435
1326,1,0.000837389869822
1327,1,0.000882613977448
1328,1,0.00165093992962
1329,1,0.000865010727536
1330,1,0.00120291278864
1331,3,0.0017086740009
1332,1,0.00383357730559
1333,3,0.00564201335178
1334,3,0.00418592796178
1335,3,0.0015541031787
1336,1,0.00131070142606
1337,1,0.000531227299359
1338,1,0.00208308549272
1339,1,0.00200152754668
1340,1,0.00273973683176
1341,1,0.00268468092048
1342,1,0.00198785683656
1343,1,0.00289598378584
1344,1,0.00386319955287
1345,1,0.00280934907755
1346,1,0.00256831485709
1347,1,0.0016081183929
1348,1,0.00105735051289
1349,1,0.00153709448686
1350,1,0.00639953881314
1351,1,0.00281252936697
1352,1,0.001774290478
1353,1,0.00205675995796
1354,1,0.00685547463536
1355,1,0.00349357428669
1356,1,0.00253829470791
1357,1,0.00691165692089
1358,1,0.00405618278287
1359,1,0.00922586313677
1360,1,0.00376568750652
1361,1,0.00338146778157
1362,1,0.00254821678493
1363,1,0.00502646177038
1364,1,0.00273263846354
1365,1,0.0025732931942
1366,1,0.00195688341816
1367,1,0.00454241354036
1368,1,0.016239383425
1369,3,0.000779311394002
1370,3,0.00119871686244
1371,3,0.000773882163299
1372,3,0.00183516005174
1373,3,0.000724318829165
1374,3,0.00606100283296
1375,1,0.00038080749308
1376,3,0.00241460623711
1377,3,0.00324336572015
1378,1,0.00330423773513
1379,1,0.00709140775525
1380,1,0.00658259462997
1381,1,0.0196631863423
1382,1,0.00137400326376
1383,1,0.00136356576823
1384,3,0.00197936538143
1385,3,0.00224779118698
1386,3,0.00491787749529
1387,3,0.00314095091609
1388,3,0.00692637715295
1389,3,0.00525320181819
1390,3,0.00267823148834
1391,3,0.000783702897523
1392,3,0.00123564561615
1393,3,0.00119761841797
1394,3,0.00252605436398
1395,3,0.000836617153854
1396,3,0.00198170674749
1397,3,0.0112149413692
1398,3,0.00524782424246
1399,3,0.00761487086956
1400,3,0.00187090044943
1401,3,0.000860902871338
1402,3,0.00300824051035
1403,3,0.000719826946826
1404,3,0.00293460301567
1405,3,0.00128076694852
1406,3,0.00282499884486
1407,3,0.0013504445663
1408,3,0.000864800902831
1409,3,0.000352299873867
1410,3,0.00504150923734
1411,3,0.00146760998582
1412,3,0.000882402332094
1413,3,0.000869336783879
1414,3,0.000854237870921
1415,3,0.000860784802823
1416,3,0.000881607245347
1417,3,0.00087814763656
1418,3,0.00089229112309
1419,3,0.000899277361561
1420,3,0.00172287155197
1421,3,0.000534806655551
1422,3,0.000535828001803
1423,1,0.00112470837514
1424,1,0.000565509624138
1425,1,0.000822839496065
1426,1,0.00113739957993
1427,1,0.001087412898
1428,1,0.00220172299797
1429,1,0.00240143255677
1430,1,0.00189970033909
1431,1,0.000693451990291
1432,1,0.00112029082491
1433,1,0.000492095847753
1434,1,0.00105305308267
1435,1,0.000548886076999
1436,1,0.00329910090457
1437,1,0.00291652723171
1438,1,0.000716009321195
1439,1,0.00515720490382
1440,1,0.00186055303819
1441,1,0.00484659022944
1442,1,0.00389012512674
1443,1,0.00261061384819
1444,1,0.00539000356263
1445,3,0.00217317516788
1446,3,0.00368832338043
1447,3,0.00210003846688
1448,3,0.00127742182728
1449,3,0.00127311205668
1450,3,0.00547100907899
1451,3,0.000257226984531
1452,3,0.000926705643119
1453,3,0.00373108551871
1454,3,0.000590813267675
1455,1,0.00605329530303
1456,1,0.010241629556
1457,3,0.00294272245934
1458,3,0.000746010419336
1459,3,0.0016190130712
1460,3,0.000982303234359
1461,3,0.00310920249771
1462,1,0.00225615122955
1463,1,0.0055237187029
1464,1,0.00270123748264
1465,1,0.00458693679676
1466,1,0.00147486975801
1467,1,0.0023382989998
1468,1,0.00141318259318
1469,1,0.00368855284662
1470,1,0.00259338666626
1471,3,0.00560989460791
1472,3,0.000213399228983
1473,3,0.00117292098365
1474,3,0.0012786882156
1475,3,0.00700194703915
1476,1,0.00495204587238
1477,3,0.00245178842453
1478,3,0.00216405006324
1479,3,0.00170992386135
1480,3,0.00110910389041
1481,3,0.00157452915953
1482,1,0.00380471827704
1483,3,0.00327665334367
1484,3,0.00220083461022
1485,3,0.00102885682441
1486,3,0.00117117201523
1487,3,0.00117191270623
1488,3,0.00364892398545
1489,3,0.00334248556056
1490,3,0.00430292371665
1491,1,0.000158400573029
1492,3,0.00863432588405
1493,3,0.0041519292477
1494,3,0.00169730866427
1495,3,0.00132520941234
1496,3,0.00102341789021
1497,3,0.00616218180288
1498,1,0.00476670673919
1499,3,0.00483236887524
1500,3,0.00280594556545
1501,3,0.00165200354782
1502,3,0.00165240303645
1503,3,0.0109676718939
1504,3,0.00489936368689
1505,3,0.00138678096865
1506,3,0.00157365570728
1507,3,0.0077880883184
1508,1,0.000908294918535
1509,1,0.00269834782346
1510,1,0.00196613566789
1511,1,0.00369542908692
1512,1,0.00211260491585
1513,1,0.00361578720813
1514,1,0.00177313274884
1515,1,0.00440923188353
1516,1,0.00152537538315
1517,1,0.00115259146328
1518,1,0.00261030892491
1519,1,0.00238856370121
1520,1,0.00409915612558
1521,3,0.00206630763762
1522,3,0.000172200908883
1523,3,0.00150581283522
1524,3,0.000341202961889
1525,3,0.0036008988871
1526,3,0.00454410192485
1527,3,0.00113674214695
1528,3,0.00113674214661
1529,3,0.00115574227755
1530,3,0.00115644283113
1531,3,0.00114687273648
1532,3,0.00129086871645
1533,3,0.00504828393739
1534,3,0.000530034123599
1535,3,0.000672341727239
1536,3,0.00161322543999
1537,1,0.00175833367549
1538,3,0.00249821238637
1539,1,0.00242910155257
1540,3,0.000548997885041
1541,3,0.00139383794717
1542,3,0.00141101923854
1543,3,0.00194599980807
1544,3,0.00228182592979
1545,1,0.00993035005579
1546,1,0.000476834271159
1547,1,0.00333151137999
1548,1,0.00113129701924
1549,1,0.00150068386843
1550,1,0.00136347095409
1551,1,0.0130892897049
1552,1,0.00134838272461
1553,1,0.00133079794892
1554,1,0.0013212934115
1555,1,0.00516328428666
1556,1,0.0012459701104
1557,1,0.0029393626057
1558,1,0.0026651582828
1559,1,0.00225461162851
1560,1,0.0032498457783
1561,1,0.000834873318203
1562,1,0.00109263787337
1563,1,0.00221122792013
1564,1,0.00252215922756
1565,1,0.00198718940701
1566,1,0.00101716001405
1567,1,0.000950614910862
1568,1,0.00126251572238
1569,1,0.00117024311539
1570,1,0.00837263793326
1571,1,0.00138991661733
1572,1,0.00283562307898
1573,1,0.00589314557305
1574,1,0.00399491544621
1575,3,0.00323881898105
1576,3,0.0010452315632
1577,3,0.00104991391738
1578,1,0.00118851954542
1579,3,0.00946737553974
1580,3,0.00234840121409
1581,3,0.00234685134751
1582,1,0.00263961132076
1583,1,0.00578587274859
1584,1,0.00189421366533
1585,1,0.00190397048562
1586,1,0.0018712774832
1587,1,0.00625660895482
1588,1,0.000962431597592
1589,1,0.00184679193053
1590,1,0.00183223745257
1591,1,0.00155870892974
1592,1,0.00235094153013
1593,1,0.00128941159973
1594,1,0.0012848386003
1595,1,0.0065062010591
1596,1,0.0037850743724
1597,1,0.000866666364668
1598,1,0.000729886368726
1599,3,0.000706105560134
1600,3,0.00399972973161
1601,1,0.00128732233069
1602,1,0.00172423698079
1603,1,0.00185683720803
1604,1,0.000519605600358
1605,1,0.000401110324443
1606,1,0.000715712468635
1607,1,0.00518024072037
1608,1,0.00522439178749
1609,3,0.000582406520393
1610,3,0.000837383806669
1611,3,0.000762562695211
1612,3,0.00155842064311
1613,1,0.00374097274274
1614,1,0.00337856261484
1615,1,0.00634396403171
1616,3,0.000357403616074
1617,3,0.00200467994281
1618,3,0.00205461855961
1619,3,0.00146642929258
1620,3,0.000651571095497
1621,3,0.00206922697815
1622,3,0.000563208962703
1623,3,0.0013575430618
1624,3,0.00130720448313
1625,3,0.00330826628707
1626,3,0.000330303278535
1627,3,0.00218006018164
1628,3,0.00354960243724
1629,3,0.00169190331906
1630,3,0.00181180774793
1631,3,0.00200359699785
1632,3,0.00170404050844
1633,3,0.00422369457209
1634,3,0.00207470126287
1635,3,0.00551707371417
1636,1,0.00286201213396
1637,1,0.00218247206631
1638,3,0.00128112357603
1639,3,0.00118983829123
1640,3,0.0112102114526
1641,3,0.000949810754228
1642,3,0.00232882888919
1643,3,0.00248371489208
1644,3,0.00207035553191
1645,3,0.00228456215913
1646,3,0.00262670224334
1647,3,0.000698220057318
1648,3,0.00337509862961
1649,3,0.000924728045006
1650,3,0.000924728045006
1651,1,0.0449285123558
1652,1,0.00325104085982
1653,3,0.00392918171631
1654,3,0.000597200877759
1655,3,0.00034430041248
1656,3,0.00197076370117
1657,3,0.000880450487458
1658,3,0.00308273380751
1659,3,0.00389777999839
1660,1,0.00491352215124
1661,3,0.00270727176979
1662,1,0.0023043411615
1663,3,0.00134933568049
1664,3,0.000647339472109
1665,3,0.000806209402189
1666,3,0.00201237322225
1667,3,0.00440030203623
1668,3,0.00244742753717
1669,3,0.00162435417255
1670,3,0.004452719845
1671,1,0.000578618707516
1672,1,0.000898112552754
1673,1,0.000716399948848
1674,1,0.000867117681149
1675,1,0.00192330453501
1676,1,0.00174732426478
1677,1,0.00513420950425
1678,1,0.011009048131
1679,1,0.00327757952483
1680,1,0.00185889055127
1681,1,0.00169670535647
1682,1,0.000651538512785
1683,1,0.00199846759587
1684,1,0.00343510304105
1685,1,0.00400344091033
1686,1,0.00589232332761
1687,1,0.000681905042265
1688,1,0.00384815447902
1689,3,0.00172502233887
1690,3,0.000475901700377
1691,3,0.00111872564096
1692,3,0.00207744041861
1693,3,0.00062772568807
1694,3,0.00130784887329
1695,3,0.00103938315697
1696,3,0.00447653281862
1697,1,0.000649699931382
1698,1,0.00120952390812
1699,1,0.00147573432613
1700,1,0.00277356819664
1701,1,0.00267152302286
1702,1,0.00121067826628
1703,1,0.00124291835792
1704,1,0.00216957105461
1705,3,0.000667400410085
1706,3,0.00612430055237
1707,3,0.00106211017691
1708,1,0.00491255567911
1709,1,0.00139090219051
1710,1,0.00380500149331
1711,3,0.00139917366971
1712,3,0.000904029791765
1713,3,0.00168581178691
1714,3,0.00125971800035
1715,3,0.000709304421378
1716,3,0.00119691415731
1717,1,0.00350670141447
1718,3,0.000996695425035
1719,3,0.00055470004827
1720,1,0.00961454541618
1721,3,0.00126293721461
1722,3,0.000371011361409
1723,3,0.000370411535408
1724,1,0.00549311354349
1725,3,0.00122822006893
1726,3,0.00135051594711
1727,3,0.00298814718306
1728,3,0.000388511514595
1729,3,0.000740328872572
1730,3,0.000299448514758
1731,3,0.000656873702887
1732,3,0.00115372519021
1733,3,0.00998145478689
1734,3,0.000547406000578
1735,1,0.00129162423436
1736,3,0.00239344765441
1737,3,0.00136875508421
1738,3,0.00339260080169
1739,3,0.00126920633617
1740,3,0.00135698913869
1741,1,0.000958506223252
1742,1,0.00180722838428
1743,1,0.00141421901283
1744,1,0.00169855691694
1745,1,0.00231344586822
1746,1,0.000539445545665
1747,1,0.000681776511435
1748,1,0.00277794634933
1749,1,0.00120081361062
1750,1,0.00332841861516
1751,1,0.00103491973148
1752,1,0.0034402060292
1753,1,0.00166728468452
1754,1,0.00193890460167
1755,1,0.000733300879441
1756,1,0.00151886669309
1757,1,0.00417279764977
1758,1,0.00210785743518
1759,3,0.00161121242589
1760,3,0.00232202736121
1761,3,0.00299329993145
1762,3,0.000649310058758
1763,3,0.000888219469285
1764,3,0.00100781130655
1765,1,0.00394369832194
1766,1,0.00179057311238
1767,1,0.00203192762669
1768,1,0.00443660086235
1769,1,0.00143758990435
1770,1,0.000878089407907
1771,1,0.00121698319313
1772,1,0.00176373997484
1773,1,0.00168441022036
1774,1,0.00668960754616
1775,1,0.00231680601551
1776,1,0.0012275370171
1777,1,0.00442552008814
1778,3,0.000879650136508
1779,3,0.0016831821478
1780,3,0.00108815224832
1781,3,0.00190700745749
1782,3,0.00113358049865
1783,3,0.0015719605628
1784,3,0.00143998071418
1785,3,0.00075464168769
1786,3,0.00286764724204
1787,3,0.00169580758487
1788,3,0.00391974773408
1789,3,0.000896871344943
1790,3,0.000329403643768
1791,3,0.00098330826042
1792,3,0.000646886242704
1793,1,0.000389887197762
1794,1,0.00418150963546
1795,3,0.00291632494812
1796,3,0.00254096621203
1797,3,0.0018332408023
1798,3,0.00215403141484
1799,1,0.00161252765086
1800,1,0.00174194690868
1801,1,0.00505517382182
1802,1,0.000890965401983
1803,1,0.00390302053057
1804,1,0.00462882288396
1805,1,0.00340926045392
1806,1,0.0033413135367
1807,3,0.0009554243808
1808,3,0.000535590077001
1809,1,0.00471745741367
1810,3,0.0011132928467
1811,3,0.000637312625323
1812,3,0.000637349040573
1813,3,0.00763727495583
1814,3,0.000236602052515
1815,3,0.00213356342747
1816,1,0.00290845760545
1817,1,0.00284948715091
1818,3,0.00779795932941
1819,3,0.000394031910129
1820,3,0.00879195133614
1821,3,0.00097020684175
1822,1,0.00732671115317
1823,3,0.000855966644358
1824,3,0.000692374984988
1825,3,0.00319963528994
1826,3,0.00361930467011
1827,3,0.00314011753503
1828,3,0.000529822265066
1829,3,0.000529623565485
1830,3,0.00567915922976
1831,3,0.000376728010049
1832,3,0.00156417124746
1833,3,0.00159381325011
1834,1,0.00320300021838
1835,3,0.00161815141425
1836,3,0.000187600782872
1837,3,0.000186800943944
1838,3,0.00134029927989
1839,3,0.00131041127095
1840,1,0.000277227259041
1841,1,0.000923353249936
1842,1,0.000806133185439
1843,3,0.000316766558492
1844,1,0.00186992756793
1845,1,0.00229226969064
1846,1,0.00126850004125
1847,1,0.00351957845299
1848,1,0.00348232112297
1849,1,0.00284785174837
1850,1,0.00296075409071
1851,1,0.00301843305012
1852,1,0.00627271774429
1853,1,0.00725577335027
1854,1,0.0039225992793
1855,1,0.00149571452731
1856,1,0.00285080640842
1857,1,0.000645513104903
1858,1,0.00400061964819
1859,1,0.000427999952194
1860,1,0.00514979395532
1861,3,0.00129511189025
1862,3,0.00124443974241
1863,1,0.00837407381937
1864,1,0.0039903998986
1865,3,0.0022505006291
1866,3,0.00346789389865
1867,3,0.000850395579901
1868,3,0.000729121176697
1869,1,0.00246870670905
1870,1,0.00227482094783
1871,1,0.00169228210366
1872,1,0.00107480152808
1873,1,0.00417043986667
1874,1,0.0082651926361
1875,1,0.00213572215024
1876,1,0.00408715024332
1877,1,0.00268446160458
1878,1,0.00233879282932
1879,1,0.00851937480691
1880,1,0.00110327617863
1881,1,0.00106010104505
1882,1,0.000603037149018
1883,3,0.00128261099985
1884,3,0.00183234915097
1885,1,0.00247361964691
1886,3,0.00091600215702
1887,1,0.0016177443009
1888,1,0.000575880396434
1889,1,0.00223227229551
1890,1,0.0058009259101
1891,1,0.00608092138985
1892,4,0.0092063001702
1893,1,0.00550925426851
1894,1,0.00243068780773
1895,1,0.00128791185939
1896,1,0.000988842841761
1897,1,0.000646745138756
1898,1,0.000303490591825
1899,1,0.000852220283609
1900,1,0.00274856403898
1901,1,0.000611477581246
1902,1,0.000881371386503
1903,1,0.000527317044661
1904,1,0.00144861791711
1905,1,0.000921441165872
1906,1,0.00120558287698
1907,1,0.000553521356014
1908,1,0.00158735399027
1909,1,0.000972163767315
1910,1,0.00102672302369
1911,1,0.000623736060396
1912,1,0.000672098229542
1913,1,0.00275032921248
1914,1,0.00184126582995
1915,1,0.000777801349905
1916,1,0.000718842825029
1917,1,0.000426510885143
1918,1,0.000586058653937
1919,1,0.00121317116502
1920,1,0.000424412607266
1921,1,0.00111864118638
1922,1,0.00134977684083
1923,1,0.00172703596309
1924,1,0.000607182260382
1925,1,0.000710350065658
1926,1,0.00129141739458
1927,1,0.00527409405128
1928,1,0.00152435657465
1929,1,0.00141179047229
1930,1,0.000812215973571
1931,1,0.000368909992637
1932,1,0.000899819326644
1933,1,0.00174684749659
1934,1,0.00127421086362
1935,1,0.00135084455234
1936,1,0.00127719494983
1937,1,0.00126403235897
1938,1,0.000833970319279
1939,1,0.00148484597806
1940,1,0.00483055588915
1941,1,0.00799864313679
1942,1,0.0179813604552
1943,1,0.000555440471039
1944,1,0.00304503818626
1945,1,0.00382010442875
1946,7,0.0088548054297
1947,7,0.00118758940022
1948,8,0.000653430258685
1949,3,0.00457289183733
1950,2,0.00540046322421
1951,3,0.00378230194215
1952,3,0.00378360110444
1953,3,0.00378469977663
1954,3,0.000634512763175
1955,3,0.00376830617503
1956,3,0.00370841149587
1957,3,0.00213800006731
1958,3,0.00213961395861
1959,3,0.000849839893738
1960,1,0.00020514537269
1961,3,0.0147930925712
1962,5,0.0188136385697
1963,5,0.0202117531703
1964,1,0.026592953243
1965,1,0.00168655938171
1966,1,0.000131914675302
1967,2,0.00458450637712
1968,2,0.00459962448662
1969,2,0.0685736935268
1970,2,0.00886961673692
1971,5,0.00552515052521
1972,2,0.00454819983946
1973,5,0.00623461612438
1974,2,0.00416402694965
1975,1,0.010613332614
1976,2,0.0198477749151
1977,2,0.0181816455719
1978,2,0.02143379687
1979,2,0.00194815075437
1980,2,0.0070147014477
1981,2,0.00954595557024
1982,1,0.00320066026162
1983,4,0.00623002333774
1984,4,0.00616663979235
1985,1,0.00340210721957
1986,1,0.00131855439695
1987,1,0.000935506886284
1988,1,0.000191684800785
1989,1,0.00241140175441
1990,1,0.0027353099833
1991,1,0.000746156822993
1992,3,0.00276643501728
1993,1,0.000628968545639
1994,1,0.00347726379394
1995,1,0.00186147471436
1996,1,0.00152993384715
1997,5,0.00477849852893
1998,1,0.000964768232644
1999,1,0.00101803753202
2000,1,0.000650002173391
2001,1,0.0014646609823
2002,1,0.000284411084371
2003,1,0.000598830616035
2004,1,0.000636458505892
2005,1,0.000364323157173
2006,1,0.0138541670051
2007,3,0.0027216351092
2008,3,0.00377476866934
2009,1,0.00570046922331
2010,1,0.00569986888893
2011,4,0.00831570398924
2012,5,0.00261503389634
2013,7,0.0342520834488
2014,5,0.00369524513769
2015,3,0.00470037151504
2016,3,0.0257255909939
2017,3,0.0101865617089
2018,3,0.0382639193259
2019,3,0.000107211415284
2020,3,0.015922796159
2021,1,0.0165980350789
2022,1,0.00141616227813
2023,2,0.00146279230016
2024,2,0.00500515474596
2025,2,0.00320598297674
2026,2,0.00303993667441
2027,2,0.00312327857392
2028,1,0.000531926937636
2029,3,8.43002825352e-05
2030,1,0.00903773977805
2031,1,0.00207306822602
2032,1,0.00070971426039
2033,1,0.00609860008463
2034,1,0.00364751601041
2035,1,0.00296445985133
2036,1,0.00526176158066
2037,1,0.00105304993475
2038,1,0.00904587428531
2039,1,0.0026227614115
2040,1,0.00358852652595
2041,1,0.00304491326277
2042,1,0.00261630346775
2043,1,0.00362140578976
2044,1,0.00140397191156
2045,1,0.00113356047064
2046,1,0.00148349699635
2047,1,0.00144574900514
2048,2,0.00522114366424
2049,1,0.00148490420136
2050,1,0.000358004356349
2051,1,0.000429079381037
2052,3,7.8207192032e-05
2053,3,0.000992049201023
2054,3,0.000790273052219
2055,3,0.00338602271523
2056,4,0.00657316831487
2057,3,6.83010845285e-05
2058,1,0.00165392633156
2059,1,0.00132895477677
2060,1,0.00070888437951
2061,1,0.000525783645965
2062,2,0.0152450632186
2063,2,0.00113872976431
2064,2,0.00574925875098
2065,4,0.00585310029924
2066,4,0.00585530058257
2067,2,0.0072186078875
2068,1,0.000615474159268
2069,1,0.000767731456343
2070,1,0.000799012101597
2071,1,0.00506502219731
2072,1,0.000630382781522
2073,1,0.000382871934584
2074,1,0.0104002075179
2075,1,0.000282704655707
2076,1,0.000266386849144
2077,1,0.0049333528013
2078,1,0.00144546086248
2079,1,0.00285604727187
2080,1,0.000822993736785
2081,1,0.00314250065794
2082,1,0.000511004850588
2083,1,0.000642653575962
2084,1,0.000321313230846
2085,5,0.0105822378033
2086,4,0.000121302040722
2087,4,0.000121301145863
2088,5,0.0105785389259
2089,1,0.00329938482327
2090,3,0.00145777474188
2091,1,0.00200124464538
2092,3,0.00104598172903
2093,4,0.00313871675772
2094,4,0.00315975998056
2095,2,0.0115609111066
2096,2,0.0109394276253
2097,4,0.00104062348125
2098,4,0.00107025132454
2099,2,0.00184525629519
2100,4,0.00213590657974
2101,5,0.0126988202087
2102,5,0.012678809645
2103,4,0.00952502221314
2104,4,0.00952339965288
2105,5,0.00816631627992
2106,5,0.00814558620536
2107,2,0.00370320348083
2108,2,0.0115817680067
2109,2,0.00181450499814
2110,2,0.00134481603228
2111,4,0.00361488444363
2112,4,0.00360153441989
2113,4,0.00265425874579
2114,4,0.00262832902637
2115,2,0.00400442426344
2116,2,0.00234425167823
2117,3,0.00393636859573
2118,2,0.00227077458233
2119,2,0.00230863152273
