OBJECTID,fclass,Shape_Length
1,4,0.0952104643431
2,5,0.0488631544319
3,8,0.0139175380613
4,7,0.109288970018
5,7,0.116678710714
6,5,0.121887497349
7,7,0.169804376951
8,7,0.0074718207796
9,8,0.00635337462104
10,8,0.00324441361376
11,5,0.0348743969592
12,7,0.00259679322674
13,8,0.00570129004385
14,7,0.0427951129909
15,4,0.0386398247662
16,4,0.046611571422
17,7,0.0385741708998
18,4,0.00139495555529
19,7,0.00271827187874
20,1,0.0159349558785
21,4,0.0280876960105
22,5,0.0575391081739
23,4,0.01153215036
24,4,0.00661166167501
25,5,0.0235499939854
26,4,0.0120064361971
27,7,0.117610745093
28,5,0.133032156568
29,7,0.10478313167
30,7,0.00790035474955
31,7,0.0569211333028
32,5,0.0205560293723
33,5,0.133061587887
34,7,0.191510782984
35,7,0.0577245863601
36,7,0.108937397745
37,4,0.063281526267
38,7,0.143854416214
39,7,0.0198578400438
40,7,0.0591737568827
41,5,0.0250205213338
42,7,0.00340154991744
43,7,0.00503842411614
44,7,0.0129938035908
45,7,0.0110024022936
46,4,0.010657338063
47,4,0.0247066238445
48,7,0.00516878928847
49,5,0.121824304223
50,7,0.00286195259463
51,7,0.172341727571
52,8,0.000279269178276
53,7,0.172283884748
54,4,0.0254558966458
55,1,0.00559160744541
56,4,0.0309665375184
57,4,0.0486938455423
58,4,0.012557282054
59,5,0.047499694201
60,4,0.0147928933639
61,7,0.0726560188412
62,2,0.00905138243454
63,2,0.00813382395264
64,2,0.000207326347683
65,2,0.00387584899494
66,8,0.070534803261
67,7,0.117690775396
68,8,0.0655066582034
69,2,0.0120724960298
70,1,0.00743613916799
71,4,0.0261238545196
72,4,0.0543710746196
73,4,0.00952790862431
74,4,0.00943874686969
75,4,0.0502487330992
76,1,0.0085128646302
77,1,0.0117640624292
78,5,0.11238805639
79,7,0.0950414059744
80,4,0.0117911075958
81,2,0.0171663839165
82,1,0.0112432874515
83,2,0.00356993478554
84,5,0.112241658197
85,4,0.0950915261882
86,2,0.00364635990338
87,4,0.0380884023141
88,4,0.0843731635716
89,1,0.0182931656422
90,4,0.0315988453172
91,4,0.0591341105401
92,4,0.0269956643277
93,4,0.0214675890275
94,4,0.0217875623725
95,5,0.111645243439
96,4,0.0198321121024
97,5,0.0677989243189
98,4,0.0315850223884
99,1,0.0113936347606
100,4,0.0270024165444
101,5,0.092100860766
102,5,0.0922108192857
103,4,0.0190970722828
104,5,0.0636517786215
105,7,0.104950378126
106,7,0.0440883103187
107,4,0.0150866462175
108,4,0.0213877252492
109,4,0.0207672333897
110,4,0.0194392072837
111,4,0.029676782104
112,4,0.0213287200349
113,4,0.041711395434
114,4,0.0167881335118
115,4,0.0262452564286
116,1,0.0127240974824
117,1,0.00741958823892
118,1,0.0104411831517
119,1,0.00682813263707
120,4,0.0130279665659
121,4,0.00589015252019
122,4,0.0265089920668
123,4,0.0421385359972
124,2,0.00246152232731
125,2,0.0044321119814
126,1,0.00343335903735
127,2,0.00723654346718
128,2,0.0105496060715
129,1,0.00711341710049
130,1,0.00944453177795
131,1,0.00156233766064
132,4,0.00647195730285
133,1,0.00536433813981
134,2,0.00637713384159
135,2,0.00625224828344
136,1,0.0363897413963
137,2,0.0105935941428
138,4,0.0178279932375
139,4,0.0129930029296
140,1,0.0436017433616
141,4,0.00174070747909
142,4,0.0030473419642
143,4,0.0199218968907
144,1,0.00109269942063
145,1,0.00763917473197
146,1,0.0014523465274
147,1,0.0072649225585
148,4,0.0100119875904
149,2,0.00108292130777
150,4,0.0080414282597
151,4,0.0194047904591
152,2,0.00372250075097
153,4,0.00552864145463
154,4,0.00903869631587
155,4,0.0611691812179
156,1,0.0072904178986
157,1,0.0126249224941
158,5,0.0398499575621
159,4,0.00286675594418
160,2,0.00525379081605
161,4,0.0144222634625
162,2,0.00875892426265
163,2,0.00128026315475
164,2,0.00429847717051
165,7,0.0495860163068
166,4,0.016527083142
167,7,0.10959974823
168,2,0.00352431966806
169,7,0.022633092753
170,7,0.0427533570624
171,7,0.107694031971
172,4,0.0237786980616
173,4,0.0159347982616
174,4,0.0343738068992
175,5,0.0117373144907
176,1,0.00444093655444
177,4,0.0225058310095
178,5,0.00317005662658
179,3,0.000702310932541
180,1,0.0106025501508
181,3,0.0016155149981
182,1,0.00566280466047
183,4,0.00710133291807
184,4,0.0253254102464
185,4,0.0149526793191
186,4,0.0224857093237
187,2,0.00480645181606
188,2,0.00744948980763
189,4,0.0340822872027
190,2,0.0106480272021
191,2,0.0197266100595
192,2,0.0266428540574
193,2,0.0140758012343
194,2,0.00705401962276
195,2,0.000787025918939
196,2,0.00124363048711
197,2,0.0298112292212
198,2,0.0091390212839
199,2,0.00594282839851
200,2,0.00916532365245
201,2,0.00377083816935
202,2,0.0026681360223
203,2,0.0040660717013
204,7,0.00429566947901
205,2,0.000676794610128
206,2,0.00375227204723
207,2,0.000658649093684
208,2,0.000971607488289
209,2,0.0016858773471
210,2,0.00152180823204
211,2,0.00397083341273
212,2,0.00167750633269
213,2,0.00566510782119
214,2,0.00429266328772
215,2,0.00382891090207
216,2,0.00107021831915
217,2,0.00458704472023
218,2,0.00161526483995
219,2,0.00106180763427
220,2,0.0013441439481
221,2,0.00147858067937
222,2,0.00065397712388
223,2,0.0267605584465
224,2,0.000569214346055
225,2,0.000651606973104
226,2,0.000398865385838
227,2,0.00157481325749
228,2,0.00114777481367
229,2,0.00102091298864
230,2,0.00123163519903
231,2,0.00147995318033
232,2,0.00138838790767
233,2,0.00115151021122
234,2,0.00137741101311
235,2,0.00194610819032
236,2,0.00109271975437
237,2,0.00179354637078
238,2,0.00159405060501
239,2,0.00437572509229
240,2,0.00392530092791
241,2,0.000589202038237
242,2,0.00293464315874
243,2,0.000854279638733
244,2,0.000743536583762
245,2,0.000997996049087
246,2,0.00210855256222
247,2,0.00292845575242
248,2,0.000673147366284
249,2,0.00140765564426
250,2,0.00282487991112
251,2,0.00103153219304
252,2,0.00106596409644
253,2,0.00148263466658
254,2,0.00290150205047
255,2,0.000760663124966
256,2,0.00573992376139
257,2,0.00686622590882
258,2,0.00389371708611
259,2,0.000737784414335
260,2,0.000700558296468
261,2,0.00473677748587
262,2,0.00312844120275
263,2,0.00327409228094
264,2,0.00453807610874
265,2,0.00346712532704
266,2,0.00381553894969
267,2,0.00204832096902
268,3,0.0040933825528
269,7,0.0211990862727
270,7,0.00282250446335
271,7,0.129442181097
272,4,0.00268520099268
273,1,0.00541342246299
274,4,0.0105276519227
275,1,0.00947513115615
276,4,0.0262062061634
277,1,0.00296746190368
278,4,0.0116931764343
279,4,0.0123271537562
280,5,0.0208771611004
281,7,0.0037200393179
282,7,0.00371979495525
283,4,0.0274113238385
284,5,0.0899243993015
285,4,0.0325826347804
286,4,0.00757254291671
287,2,0.00461222771154
288,2,0.00798410164087
289,2,0.00876322214912
290,5,0.0489242931541
291,7,0.146706966696
292,7,0.147087683786
293,4,0.0173721455944
294,4,0.00502714578942
295,2,0.00391561118597
296,4,0.0132498546462
297,7,0.0403422993389
298,4,0.0612460206838
299,4,0.000345337463373
300,4,0.000381232661778
301,2,0.0066913251095
302,5,0.000195508845497
303,2,0.0112768706212
304,4,0.0401225778162
305,4,0.0400545369952
306,4,0.0155064195905
307,4,0.0155128195687
308,4,0.0182452196736
309,4,0.0279278264261
310,4,0.0127676937407
311,4,0.0074195710293
312,2,0.0119589891267
313,2,0.00262430843194
314,2,0.0191502511077
315,4,0.00187920073509
316,4,0.0123593032295
317,4,0.00952510322267
318,4,0.00496560659996
319,2,0.003709886295
320,4,0.0212572036722
321,2,0.00283469404309
322,2,0.0114885034593
323,2,0.042140841947
324,4,0.0177779263095
325,4,0.0166320271965
326,4,0.0053161200147
327,4,0.00540577784418
328,4,0.00539737932996
329,1,0.00276028742207
330,2,0.00042609785638
331,4,0.00711433133161
332,4,0.000686144797452
333,2,0.00373496751839
334,4,0.00120324452949
335,2,0.00440447121555
336,3,0.00236388990079
337,3,0.000860111947795
338,3,0.00696012527974
339,3,0.0142842453595
340,3,0.00672426044539
341,3,0.00227952659924
342,1,0.00288960045755
343,1,0.000453027410988
344,1,0.000636953889818
345,1,0.0112398378306
346,1,0.000823197191443
347,3,0.00035352895728
348,7,0.000763475366326
349,1,0.00278891762025
350,1,0.00149385068964
351,1,0.000322366050155
352,5,0.022307395796
353,7,0.00930440273321
354,7,0.0093062125126
355,2,0.0082284150133
356,2,0.00361233056088
357,2,0.00103776557169
358,2,0.00331236265503
359,2,0.004284167549
360,3,0.00820678315093
361,3,0.00237241730504
362,3,0.00136621416137
363,3,0.000211677424513
364,4,0.000118583138535
365,2,0.00325272597134
366,2,0.00560939294805
367,2,0.00131232249271
368,2,0.00111163782659
369,2,0.00334730957634
370,2,0.00182943158186
371,2,0.00268103932315
372,2,0.00206252061798
373,2,0.00209780938864
374,2,0.0015527222941
375,2,0.00704768919595
376,2,0.00450508527186
377,2,0.00333689060377
378,4,0.00312790386903
379,2,0.0072333260634
380,4,0.0231373996725
381,4,0.031224687877
382,2,0.0125312523131
383,4,0.0117379900865
384,4,0.0122693953993
385,2,0.0099179538184
386,2,0.0029533523439
387,4,0.00733615168322
388,4,0.0103900457654
389,7,0.00357728368311
390,2,0.00607343497055
391,1,0.0330085713272
392,2,0.00430827321745
393,2,0.00319442243123
394,2,0.00656523939429
395,2,0.0060186356612
396,3,0.00116902474257
397,3,0.00142424088662
398,3,0.00287067900041
399,3,0.00211045511974
400,3,0.000614118244826
401,3,0.000613917845088
402,3,0.000613719619639
403,3,0.000488200316598
404,3,0.00137752577807
405,3,0.000620905492431
406,3,0.000618149662409
407,3,0.000510905532924
408,2,0.00198828239715
409,2,0.00592755143176
410,4,0.0134217903921
411,2,0.0189401067027
412,2,0.00671745400808
413,2,0.00742261838293
414,2,0.00648524410685
415,2,0.00597483582254
416,1,0.0098112712326
417,7,0.0068992393237
418,7,0.00758587529687
419,2,0.0026950342423
420,2,0.00106699978453
421,4,0.031407889598
422,4,0.0161266545434
423,2,0.00425196474791
424,1,0.065491955055
425,2,0.00402965772966
426,7,0.00109199516945
427,5,0.000831103048472
428,7,0.000989443434884
429,5,0.000801550797101
430,2,0.00413859696085
431,2,0.0126847834632
432,4,0.027042392898
433,3,0.00640004156261
434,3,0.00238686831054
435,2,0.0107737298337
436,2,0.0126094765633
437,3,0.0167233524195
438,4,0.0340728366028
439,4,0.00877776068061
440,4,0.00886483561647
441,2,0.00927399521924
442,2,0.004515103012
443,4,0.0117009427723
444,4,0.012319012338
445,1,0.0036299272148
446,2,0.00250718489237
447,1,0.0038927215602
448,1,0.00278560692432
449,1,0.00372959748186
450,1,0.00135704560683
451,1,0.00133620161946
452,1,0.000447658512591
453,1,0.000448393559399
454,5,0.0221123667356
455,2,0.00334393426085
456,7,0.000453854080917
457,2,0.00463326005977
458,2,0.00226520543709
459,2,0.00236032441367
460,2,0.00354968282795
461,2,0.00515915114455
462,1,0.000599971406349
463,1,0.000557201315708
464,4,0.0307104178643
465,2,0.00626758163016
466,4,0.0151841275742
467,4,0.0159805074255
468,7,0.0218002240366
469,2,0.0058168354185
470,2,0.00528538729409
471,2,0.00774356970691
472,2,0.00189120670397
473,5,0.0584710909023
474,1,0.00191537775752
475,1,0.00662502703846
476,1,0.00256385359724
477,1,0.000303793538217
478,1,0.00397169443098
479,1,0.00142597306642
480,1,0.000572179524299
481,1,0.00231522397097
482,2,0.00596484324332
483,2,0.00589848736759
484,3,0.000721796871268
485,3,0.00163249553288
486,3,0.00378246554013
487,3,0.00407192086483
488,3,0.00500598715935
489,1,0.000950832974373
490,2,0.00433594377741
491,2,0.00278610602974
492,2,0.00634436384445
493,2,0.00249474700425
494,5,0.00691202966753
495,2,0.00982472240172
496,1,0.00125971331707
497,2,0.00470127035253
498,1,0.000729355974928
499,1,0.00104248420225
500,2,0.0346091620799
501,7,0.00128034365001
502,2,0.0348765431037
503,2,0.0064433536074
504,3,0.00472691236388
505,2,0.0026517139196
506,4,0.0142373699616
507,2,0.00249408131593
508,2,0.00934422440982
509,1,0.00429362293706
510,2,0.00324303442893
511,3,0.00173822608952
512,2,0.00640405044419
513,1,0.00492599532428
514,2,0.00289577341311
515,4,0.0214813304717
516,2,0.00389906866278
517,1,0.00122587924893
518,3,0.0118284115442
519,1,0.00335296493649
520,2,0.00120320352658
521,4,0.0139036609786
522,4,0.000256606857982
523,2,0.00719703869172
524,2,0.00117429394469
525,2,0.00639051600446
526,7,0.000749014588897
527,3,0.00290217471956
528,2,0.00126018137093
529,2,0.0038403133456
530,4,0.0171783495907
531,3,0.00281832449791
532,3,0.00209824573306
533,2,0.00311041225603
534,2,0.00303148106503
535,4,0.0193526381085
536,3,0.000982738489661
537,3,0.0027185321577
538,2,0.00238023100035
539,2,0.0054833282909
540,2,0.00379076974495
541,2,0.00466779641315
542,7,0.0163795468414
543,2,0.00306812150987
544,4,0.0369036764853
545,2,0.00133493930767
546,2,0.00659678682931
547,2,0.00363925736895
548,2,0.000922480793897
549,7,0.00251596880497
550,4,0.0066443445114
551,5,0.0117402547695
552,7,0.0024334904984
553,7,0.00137250722035
554,2,0.0122649488388
555,4,0.0175943968006
556,2,0.0217016348768
557,1,0.00424392835533
558,4,0.00267596888897
559,1,0.0134112016118
560,2,0.0130491871066
561,7,0.00845679881651
562,7,0.00808302291918
563,7,0.000519514294295
564,7,0.000586735163911
565,2,0.000424553236393
566,7,0.00716817276389
567,7,0.00740250290109
568,7,0.00991699012819
569,2,0.00141678725214
570,2,0.000322305473891
571,2,0.000275578909492
572,7,0.00646685234426
573,7,0.00228488938525
574,7,0.00254659236394
575,7,0.00204577838347
576,7,0.00227927251174
577,2,0.00175414414621
578,2,0.00174507620203
579,7,0.023299893865
580,7,0.00919810047162
581,7,0.000528095623436
582,7,0.000480348989054
583,5,0.000907063749951
584,5,0.00103172290129
585,7,0.00886838118862
586,4,0.0124450390329
587,4,0.00179315306562
588,2,0.0105130599044
589,4,0.00239161372056
590,4,0.00537911736503
591,4,0.0172208290827
592,4,0.0171826524345
593,4,0.00420029378367
594,2,0.00312627226749
595,2,0.017492793336
596,2,0.000983673001417
597,4,0.0206373546823
598,2,0.00257704238645
599,2,0.00968757930989
600,2,0.00635001202401
601,4,0.0170429536153
602,4,0.0168943752582
603,2,0.00334242572035
604,2,0.0063498569537
605,2,0.00284388443035
606,2,0.00618642000685
607,7,0.00090824573934
608,7,0.000593060331976
609,2,0.00452504234628
610,4,0.0035770629469
611,2,0.00129468971769
612,1,0.00763122933097
613,2,0.00666667633836
614,2,0.00108030611308
615,2,0.00120659703669
616,2,0.00159855892986
617,4,0.00169770800939
618,4,0.000304718133162
619,4,0.00134555697496
620,4,0.000234125949564
621,2,0.00215328526249
622,2,0.00568176155137
623,2,0.00312213073814
624,2,0.0017373572208
625,2,0.00935757852651
626,2,0.00426698231164
627,2,0.00473709375844
628,2,0.000593779684946
629,2,0.00295819472108
630,2,0.0077093252126
631,2,0.00197185386522
632,2,0.0104340221938
633,2,0.00406633778407
634,2,0.00323955160694
635,4,0.00105791637227
636,4,0.00259630219431
637,2,0.00253968979834
638,2,0.001850979629
639,1,0.00411723595492
640,1,0.00509496740854
641,2,0.00226882818057
642,1,0.0143321242768
643,2,0.000437724774177
644,1,0.00252048462597
645,1,0.000920901933041
646,1,0.00299592157944
647,1,0.000591553262789
648,1,0.000296289419977
649,1,0.000245042392819
650,1,0.00272572744995
651,1,0.000497446333808
652,1,0.000701861372328
653,1,7.60842165338e-05
654,1,0.00146945648812
655,1,0.00582665002693
656,3,0.000629554719833
657,3,0.00463980979407
658,2,0.00110548649677
659,3,0.00047312775871
660,3,0.00429437622055
661,2,0.00357495700478
662,2,0.00259062284009
663,2,0.00260276197281
664,2,0.00219366246505
665,2,0.00554207828766
666,2,0.00221211159375
667,2,0.00171830831027
668,2,0.00280349343075
669,2,0.00277948105138
670,2,0.00276935936818
671,2,0.0024246596833
672,2,0.00241251767971
673,2,0.00205641709489
674,5,0.0189313086952
675,5,0.000398035945381
676,7,0.00117409609056
677,5,0.000815216779891
678,3,0.000161243559588
679,3,0.0255531765305
680,3,0.000178503539748
681,3,0.000137294795085
682,5,0.000131192053201
683,5,0.00012177362157
684,1,0.00106262041292
685,1,0.000458272287277
686,1,0.025854933486
687,1,0.0194463474656
688,1,0.000486837535108
689,1,0.000461882204936
690,1,0.000908106436394
691,1,0.000626526519375
692,1,0.000164101657815
693,1,0.00062169378342
694,1,0.000167369230055
695,1,0.000739785620507
696,1,0.000562373798077
697,1,0.000468802991587
698,1,0.000495912238737
699,1,0.000479594388529
700,1,0.000463102181753
701,1,0.000482568847585
702,1,0.000473071336877
703,1,0.000406617435034
704,1,0.00040035818731
705,3,0.000690207028726
706,1,0.000570886165553
707,1,0.00917771844935
708,1,0.00478123044539
709,7,0.00112528852405
710,1,0.00285287703859
711,1,0.00128792800232
712,1,0.0022159668957
713,1,0.000205656447478
714,1,0.00695105455504
715,1,0.00190624336408
716,1,0.00144817247611
717,1,0.000688673784537
718,1,0.000688717651533
719,1,0.000157825390016
720,1,0.000159374030224
721,1,0.000156512115266
722,4,0.0448623074558
723,7,0.00994533050976
724,7,0.0132083033147
725,8,0.00392756572289
726,8,0.00597288271318
727,7,0.00520587593139
728,7,0.00503845096659
729,8,0.00412451975547
730,8,0.0097937303089
731,8,0.00980659554093
732,7,0.00793850664705
733,7,0.00669217025043
734,8,0.00339889117128
735,8,0.00336260859252
736,7,0.00609843756
737,7,0.00572848516292
738,4,0.0142013936039
739,4,0.00697869660962
740,4,0.000917768440717
741,4,0.0210377049784
742,4,0.00559745941592
743,2,0.0033319606313
744,2,0.0100320884356
745,2,0.000825267172876
746,2,0.0077477800394
747,2,0.00422520825955
748,2,0.00215279320573
749,2,0.00170064653846
750,1,0.00866064935578
751,1,0.00511772976749
752,2,0.0193290677269
753,1,0.0057787195796
754,1,0.00186068782064
755,1,0.00225773224859
756,2,0.00673105047476
757,3,0.00440190660743
758,3,0.00094668198071
759,3,0.000923003378981
760,2,0.00211524944791
761,2,0.00529705998263
762,4,0.0417731847994
763,2,0.000147915261237
764,4,0.0105739518532
765,4,0.0105819177661
766,2,0.00562869206147
767,2,0.0134232816359
768,2,0.00940497154331
769,2,0.00174525287761
770,5,0.00380157086678
771,1,0.00315025188931
772,1,0.00310977061612
773,3,0.000671327873959
774,3,0.00318356529416
775,3,0.0013893653609
776,3,0.010525580893
777,2,0.00596351681901
778,3,0.000857633279848
779,2,0.000602904492675
780,2,0.000549818876939
781,2,0.000539205131276
782,2,0.000820800439556
783,2,0.000759557167401
784,2,0.000808790226241
785,2,0.00114556970221
786,2,0.000716280525389
787,2,0.00102272480333
788,2,0.000646662117217
789,2,0.000956066417883
790,2,0.000724804480627
791,2,0.009351604149
792,3,0.00132466490707
793,2,0.00304648915675
794,1,0.000987005310574
795,1,0.000580746590282
796,3,0.00245717662767
797,2,0.00123883901967
798,2,0.00896965694136
799,2,0.00265707371307
800,3,0.000376620121118
801,3,0.000203666104853
802,1,0.00469620264384
803,1,0.000565494308663
804,1,0.000228482094226
805,1,0.000266611335054
806,1,0.000260774386926
807,1,0.0001745151583
808,1,0.000221374919167
809,1,0.00200361662177
810,3,0.00350403186325
811,3,0.000183704620518
812,3,0.00232317303318
813,4,0.00128950929706
814,1,0.00257710567911
815,4,0.00305736984342
816,4,0.00712146800207
817,3,0.0027345707581
818,3,0.000774691412993
819,1,0.0168525701628
820,1,0.00627808876679
821,1,0.0101636310452
822,1,0.000707399911668
823,1,0.0523045610719
824,1,0.000441941769201
825,1,0.0143416292199
826,2,0.000879288905986
827,3,0.00135137384984
828,3,0.00333923444515
829,3,0.00129734510916
830,3,0.00530647514615
831,3,0.00280509738507
832,3,0.000866821662549
833,3,0.000765726693125
834,4,0.00650856955892
835,4,0.00578889325865
836,4,0.00573847993328
837,2,0.00143767273229
838,2,0.00175139571054
839,2,0.00360539942625
840,2,0.00247995431261
841,3,0.00431766883057
842,2,0.00321173880013
843,2,0.00452059465818
844,2,0.0031913030819
845,3,0.0368282057438
846,2,0.00295823295607
847,2,0.0108097816123
848,2,0.000387878681821
849,2,0.0036401226115
850,2,0.00849701048079
851,1,0.00687057698898
852,1,0.00265053623775
853,2,0.00105849783489
854,2,0.0074971740854
855,2,0.00330015936595
856,2,0.00797434999581
857,2,0.000544381926758
858,1,0.0043012005171
859,2,0.00456439948707
860,2,0.00213368453029
861,2,0.00480967407321
862,1,0.000157903202185
863,1,0.00196317948521
864,1,0.00199873588996
865,1,0.00192204672585
866,1,0.0013466111047
867,3,0.00577818552504
868,3,0.000720866656095
869,3,0.00403625879436
870,3,0.00428780195321
871,3,0.00463452117509
872,3,0.00108859714405
873,3,0.00195963336908
874,3,0.00763299981898
875,3,0.00113653228191
876,3,0.00208040355512
877,3,0.00880945279941
878,3,0.0145848359204
879,3,0.0129191004637
880,1,0.00612740299662
881,1,0.0304454956693
882,2,0.000575375996808
883,2,0.00355061517395
884,3,0.00429454253567
885,3,0.00422288415475
886,2,0.000959078779826
887,2,0.00511553786271
888,2,0.00792502665437
889,2,0.00887353961286
890,2,0.00168755362068
891,2,0.0148788999796
892,2,0.000465893173746
893,1,0.00140608093086
894,1,0.0055335753199
895,3,0.0101553492518
896,3,0.000392279384347
897,3,0.00168283565833
898,3,0.00286711820124
899,3,0.00117362793511
900,3,0.0027530017028
901,3,0.00332809556915
902,3,0.000152864804206
903,3,0.0035481765469
904,1,0.00220096060395
905,1,0.00103293879177
906,1,0.00265774897749
907,1,0.00374930810737
908,1,0.0121827971733
909,3,0.000652009784515
910,3,0.00151162216066
911,2,0.00198874304635
912,3,0.00206877710117
913,1,0.000913084416108
914,2,0.0025022581173
915,2,0.00442227832238
916,4,0.00241898436572
917,3,0.00200495678135
918,2,0.00181434419973
919,2,0.00278319126394
920,2,0.00105930957989
921,2,0.00220410299884
922,2,0.00486158954831
923,2,0.00147082200305
924,3,0.00196758917583
925,3,0.000845639141755
926,3,0.000535347985031
927,3,0.00192259637254
928,2,0.00135880316558
929,4,0.00206124526912
930,4,0.00567048976407
931,2,0.00597287617361
932,2,0.00381459245689
933,3,0.000655915325899
934,3,0.0016275267559
935,3,0.000695748777843
936,3,0.000638684541309
937,3,0.00046812258019
938,3,0.000280312786908
939,3,0.000377009263262
940,3,0.000218504670264
941,2,0.00350209753551
942,1,0.0031994252945
943,5,0.0583554899714
944,3,0.00860029707302
945,2,0.00362619910581
946,1,0.00239758764382
947,1,0.00947060798463
948,2,0.00502075020466
949,2,0.00311468869279
950,2,0.00547816468214
951,3,0.00104061443013
952,3,0.00126637130467
953,3,0.00412362446331
954,3,0.00346829730674
955,2,0.000879735390221
956,1,0.00363954620058
957,2,0.0015023559091
958,2,0.00643532169272
959,2,0.00279767279472
960,2,0.00266022705167
961,4,0.00379366435153
962,1,0.000223972011118
963,1,0.0017815064989
964,1,0.00154791778271
965,1,0.0152429474865
966,1,0.00161913927725
967,1,0.00488409609786
968,1,0.0121874184716
969,1,0.0010313628436
970,1,0.00218287890946
971,1,0.000596872551244
972,1,0.00254618859103
973,1,0.00320221090501
974,3,0.00163127750178
975,3,0.00233844542879
976,2,0.000499000528407
977,2,0.0097676329119
978,1,0.0055739794729
979,3,0.00145436667499
980,3,0.00328673819211
981,3,0.00247224557846
982,3,0.00227517675562
983,3,0.000186821870249
984,3,0.00103155682816
985,3,0.000273364481644
986,2,0.00193989929749
987,3,0.00170985476041
988,1,0.000564755275371
989,3,0.000643798615214
990,3,0.00130085263816
991,3,0.000688453858074
992,3,0.000178468733241
993,3,0.000318468688549
994,3,0.00368287185844
995,3,0.00412251171622
996,3,0.00385737542127
997,3,0.000170814734639
998,3,0.0114687966204
999,2,0.00730314226876
1000,2,0.00244241735166
1001,2,0.000533268992883
1002,3,0.00647246851929
1003,3,0.000563469361906
1004,1,0.00290748443488
1005,1,0.00222814928287
1006,2,0.00182444263864
1007,2,0.00360941295712
1008,3,0.00202215125818
1009,2,0.00678972557821
1010,1,0.00536023353847
1011,2,0.000572227332539
1012,2,0.000348105160288
1013,2,0.000403686633227
1014,2,0.00279660862361
1015,2,0.00543289217264
1016,1,0.00511259035575
1017,2,0.00355621111701
1018,1,0.00728454729569
1019,4,0.00553965324199
1020,4,0.0102656300222
1021,4,0.00434979486504
1022,4,0.00943089291379
1023,2,0.00389120057085
1024,1,0.0041243610502
1025,1,0.028653925106
1026,1,0.00620378988246
1027,1,0.00969273086719
1028,3,0.000263176032468
1029,3,0.00484813616413
1030,3,0.00104102332511
1031,3,0.00254921623888
1032,3,0.000494536099803
1033,3,0.00245526143768
1034,2,0.00872261336434
1035,1,0.00210998822149
1036,1,0.00203772810858
1037,1,0.00110140494075
1038,1,0.00571257972334
1039,1,0.00213440995629
1040,1,0.00101490021751
1041,1,0.0030622941317
1042,1,0.000236479494925
1043,1,0.000226229782962
1044,1,0.00507112517351
1045,1,0.000213692657711
1046,1,0.00159676642536
1047,1,0.00178274126006
1048,1,0.000466579751769
1049,1,0.000601452983974
1050,1,0.000627529248284
1051,1,0.000356617969956
1052,1,0.000381321077826
1053,1,0.000202123895562
1054,1,0.000181240483869
1055,1,0.00172302862983
1056,1,0.000346165033473
1057,1,0.000469320661601
1058,1,0.000303162563228
1059,1,0.000344148705086
1060,1,0.000172800495574
1061,1,0.00200423313397
1062,1,0.000717087096727
1063,1,0.000428567872339
1064,1,0.000276657842848
1065,1,0.00144018832237
1066,1,0.000992495695857
1067,1,0.000175499999386
1068,1,0.000189925244472
1069,1,0.0240788603238
1070,1,0.0200050079667
1071,1,0.000635060434693
1072,1,0.00125384841832
1073,1,0.00179238987216
1074,1,0.00111862470068
1075,4,0.000461529891893
1076,4,0.000268561357395
1077,2,0.0033802069416
1078,1,0.00199129924361
1079,1,0.000354220782356
1080,1,0.0018025713804
1081,1,0.0020027193175
1082,1,0.00392150087407
1083,3,0.000521852611211
1084,3,0.000570580213143
1085,1,0.0209786278283
1086,1,0.000883936631816
1087,1,0.000612015479428
1088,1,0.000825727550907
1089,1,0.000767324160471
1090,1,0.000285977198341
1091,1,0.00136027804444
1092,1,0.00105476836286
1093,1,0.000752754813908
1094,1,0.00107731645177
1095,1,0.000449414524391
1096,1,0.000360647631361
1097,1,0.00039091671009
1098,1,0.000376382846067
1099,1,0.000279337063197
1100,1,0.0002962804782
1101,1,0.00083673470129
1102,1,3.90666737967e-05
1103,1,3.38857427434e-05
1104,1,6.81194489232e-05
1105,1,8.20440443456e-05
1106,1,9.39337503084e-05
1107,1,0.000137047849069
1108,1,0.000396155877523
1109,1,0.000181381200046
1110,1,0.000391744070658
1111,1,7.6195222136e-05
1112,1,5.45816829565e-05
1113,1,5.96484835419e-05
1114,1,0.000149428914594
1115,1,0.000148934125563
1116,1,0.000148850443815
1117,1,0.000184343531018
1118,1,0.00022417152143
1119,1,0.00845308392033
1120,1,0.00141726698131
1121,1,0.00214764441483
1122,1,0.000320650502647
1123,1,0.00405667905974
1124,1,0.0011005510039
1125,1,0.000553816469188
1126,1,0.0012927559732
1127,1,0.000416536181858
1128,1,0.000396897805128
1129,1,0.000302560119507
1130,1,0.000261204675549
1131,1,0.000197786912127
1132,1,0.000155717313214
1133,1,0.000162026016996
1134,1,0.000164729865236
1135,1,0.000159784590843
1136,1,0.000159326949985
1137,1,0.000161613126992
1138,1,0.000166907280916
1139,1,0.000889565668742
1140,1,0.000725107869376
1141,1,8.8800792714e-05
1142,1,0.000450427670572
1143,1,0.000566581555076
1144,1,5.52855964544e-05
1145,1,0.000134660764466
1146,1,7.66825086648e-05
1147,1,7.67326991609e-05
1148,2,0.00514610300522
1149,2,0.0055466259877
1150,1,0.00352628175211
1151,1,0.00141183268351
1152,2,0.000518784077767
1153,2,0.0162726061037
1154,2,0.000709057089714
1155,2,0.00464668328762
1156,2,0.00209706776679
1157,1,0.000117161620292
1158,1,0.00010665752795
1159,1,0.000283315616298
1160,4,0.00804145756167
1161,2,0.00779248208664
1162,2,0.00695121623509
1163,2,0.00514371343497
1164,3,0.000782372277517
1165,3,0.00194208279008
1166,3,0.00140136730775
1167,3,0.00081195581455
1168,3,0.000343239739527
1169,3,0.00170747707274
1170,3,0.000661112578986
1171,3,0.00124192596835
1172,3,0.00416716168449
1173,3,0.0019745694065
1174,3,0.00136511461588
1175,3,0.0034885228699
1176,3,0.00468877684745
1177,3,0.00140133228979
1178,3,0.00141142913603
1179,3,0.00212783338324
1180,3,0.00439088975216
1181,3,0.0021621205151
1182,3,0.00263094797646
1183,3,0.00146993470571
1184,3,0.00176031604307
1185,3,0.000331669736621
1186,3,0.00346112216104
1187,3,0.000872825785666
1188,3,0.0015479841033
1189,3,0.012034523205
1190,3,0.0136376683359
1191,7,0.00323147446068
1192,7,0.00249486565784
1193,1,0.00587491481764
1194,3,0.00819753825805
1195,3,0.00213789984792
1196,3,0.00285470650005
1197,3,0.005096199441
1198,3,0.00287260426877
1199,1,0.020142672634
1200,1,0.0163973970903
1201,1,0.00287355873699
1202,3,0.00129746853431
1203,1,0.00121839916792
1204,1,0.00183643632164
1205,1,0.00099866819469
1206,1,0.000654662953827
1207,1,0.0010867003102
1208,1,0.000639939766689
1209,1,0.000929445462611
1210,2,0.00111826437381
1211,1,0.00251006193353
1212,1,0.000481537136606
1213,5,0.0827866398978
1214,5,0.0741629024947
1215,3,0.00095248176995
1216,3,0.00076683368449
1217,7,0.00082080994434
1218,3,0.000700666161997
1219,3,0.000701336692835
1220,3,0.00239973929417
1221,3,0.000143900871496
1222,3,0.00144841391888
1223,3,0.000436712724726
1224,3,0.000435634886452
1225,3,0.000433123763595
1226,3,0.000435138254098
1227,3,0.000437737575986
1228,3,0.000438942925785
1229,3,0.000443541127989
1230,3,0.000447567220975
1231,3,0.000505728384803
1232,3,0.000460725181969
1233,4,0.000605546475304
1234,7,0.00035658425448
1235,5,0.00282628586286
1236,5,0.00306268381746
1237,3,0.00086191218341
1238,3,0.00257034745336
1239,3,0.000810990460723
1240,3,0.00078858658822
1241,3,0.000918026463895
1242,3,0.00102310054574
1243,3,0.00092526093698
1244,1,0.000266925234016
1245,1,0.000240407387892
1246,1,0.000219606738587
1247,1,0.000236964160496
1248,1,0.000241655192745
1249,1,0.000379208512445
1250,7,0.00324749932507
1251,7,0.00223220323739
1252,7,0.0224408593618
1253,7,0.00376700057891
1254,7,0.0168968963402
1255,7,0.0165206408214
1256,7,0.0020063326443
1257,4,0.000294554362418
1258,3,0.000757225185745
1259,3,0.000500257078928
