OBJECTID,IN_FID,NEAR_FID
1,1,4
2,1,6
3,1,27
4,1,34
5,1,36
6,1,38
7,1,49
8,1,51
9,1,53
10,1,67
11,1,78
12,1,108
13,1,112
14,1,322
15,1,32
16,1,57
17,1,518
18,1,16
19,1,25
20,1,37
21,1,40
22,1,41
23,1,61
24,1,71
25,1,72
26,1,76
27,1,622
28,1,768
29,1,1007
30,1,21
31,1,151
32,1,530
33,1,959
34,1,515
35,1,535
36,1,918
37,1,954
38,1,958
39,1,961
40,1,558
41,1,70
42,1,129
43,1,809
44,1,810
45,1,74
46,1,123
47,1,136
48,1,140
49,1,135
50,1,333
51,2,51
52,2,53
53,2,78
54,2,79
55,2,84
56,2,167
57,2,171
58,2,271
59,2,284
60,2,291
61,2,292
62,2,177
63,2,136
64,2,140
65,2,290
66,2,77
67,2,80
68,2,81
69,2,82
70,2,142
71,2,839
72,2,380
73,2,382
74,2,383
75,2,384
76,2,443
77,2,579
78,2,580
79,2,586
80,2,889
81,2,588
82,2,584
83,3,5
84,3,66
85,3,8
86,3,10
87,3,12
88,3,52
89,4,1
90,4,6
91,4,7
92,4,27
93,4,28
94,4,33
95,4,34
96,4,38
97,4,49
98,4,67
99,4,85
100,4,108
101,4,112
102,4,523
103,4,29
104,4,101
105,4,102
106,4,105
107,4,30
108,4,32
109,4,110
110,4,19
111,4,541
112,4,500
113,4,502
114,4,25
115,4,41
116,4,21
117,4,151
118,4,310
119,4,530
120,4,607
121,4,39
122,4,43
123,4,608
124,4,150
125,4,152
126,4,961
127,4,15
128,4,24
129,4,187
130,4,632
131,4,854
132,4,856
133,4,281
134,4,341
135,5,27
136,5,34
137,5,38
138,5,67
139,5,165
140,5,353
141,5,354
142,5,29
143,5,95
144,5,97
145,5,101
146,5,102
147,5,105
148,5,106
149,5,1213
150,5,11
151,5,419
152,5,455
153,5,417
154,5,418
155,5,456
156,5,772
157,5,1235
158,5,1236
159,5,543
160,5,548
161,5,66
162,5,68
163,5,3
164,5,9
165,5,10
166,5,13
167,5,161
168,5,40
169,5,148
170,5,356
171,5,707
172,5,58
173,5,166
174,5,364
175,6,1
176,6,4
177,6,7
178,6,27
179,6,28
180,6,33
181,6,34
182,6,36
183,6,38
184,6,67
185,6,85
186,6,542
187,6,29
188,6,87
189,6,95
190,6,96
191,6,97
192,6,104
193,6,105
194,6,107
195,6,155
196,6,298
197,6,453
198,6,965
199,6,968
200,6,428
201,6,429
202,6,969
203,6,22
204,6,60
205,6,138
206,6,143
207,6,177
208,6,331
209,6,476
210,6,37
211,6,40
212,6,61
213,6,71
214,6,184
215,6,296
216,6,268
217,6,279
218,6,1238
219,6,1241
220,6,1242
221,6,172
222,6,246
223,6,250
224,6,166
225,6,946
226,6,1074
227,6,150
228,6,941
229,6,332
230,6,514
231,6,643
232,6,26
233,6,273
234,6,379
235,6,494
236,6,1162
237,6,537
238,6,1080
239,6,1203
240,6,75
241,6,838
242,7,4
243,7,6
244,7,27
245,7,28
246,7,33
247,7,36
248,7,38
249,7,49
250,7,51
251,7,53
252,7,67
253,7,113
254,7,167
255,7,171
256,7,311
257,7,29
258,7,105
259,7,46
260,7,57
261,7,174
262,7,293
263,7,109
264,7,159
265,7,268
266,7,15
267,7,183
268,7,44
269,7,45
270,7,169
271,7,269
272,7,48
273,7,50
274,7,316
275,7,1069
276,7,1085
277,7,335
278,7,281
279,7,282
280,7,549
281,7,552
282,7,1092
283,7,123
284,7,572
285,7,575
286,7,54
287,7,576
288,7,56
289,7,464
290,8,53
291,8,3
292,8,1257
293,9,5
294,9,13
295,10,5
296,10,3
297,11,5
298,11,106
299,11,881
300,11,1213
301,11,1214
302,11,304
303,11,305
304,11,456
305,12,66
306,12,68
307,12,3
308,13,5
309,13,9
310,14,51
311,14,53
312,14,78
313,14,79
314,14,84
315,14,167
316,14,171
317,14,271
318,14,284
319,14,291
320,14,292
321,14,136
322,14,140
323,14,77
324,14,80
325,14,81
326,14,82
327,14,380
328,14,382
329,14,383
330,14,443
331,14,739
332,14,587
333,14,740
334,15,4
335,15,7
336,15,28
337,15,33
338,15,36
339,15,16
340,15,37
341,15,40
342,15,61
343,15,72
344,15,184
345,15,641
346,15,186
347,15,20
348,15,47
349,15,853
350,15,857
351,15,125
352,15,126
353,15,128
354,16,1
355,16,28
356,16,33
357,16,34
358,16,38
359,16,85
360,16,291
361,16,292
362,16,500
363,16,502
364,16,37
365,16,40
366,16,61
367,16,72
368,16,130
369,16,144
370,16,15
371,16,20
372,16,47
373,16,55
374,16,145
375,16,132
376,16,127
377,16,182
378,16,612
379,17,51
380,17,53
381,17,78
382,17,79
383,17,84
384,17,88
385,17,90
386,17,91
387,17,98
388,17,189
389,17,190
390,17,193
391,17,194
392,17,271
393,17,284
394,17,291
395,17,292
396,17,438
397,17,473
398,17,542
399,17,816
400,17,943
401,17,280
402,17,286
403,18,21
404,18,172
405,18,26
406,18,299
407,18,300
408,19,4
409,19,29
410,19,324
411,20,28
412,20,33
413,20,38
414,20,502
415,20,16
416,20,72
417,20,15
418,21,1
419,21,4
420,21,34
421,21,36
422,21,38
423,21,85
424,21,37
425,21,40
426,21,61
427,21,530
428,21,279
429,21,172
430,21,375
431,21,529
432,21,152
433,21,272
434,21,498
435,21,510
436,21,513
437,21,516
438,21,517
439,21,519
440,21,534
441,21,644
442,21,646
443,21,650
444,21,960
445,21,18
446,21,538
447,21,1210
448,22,6
449,22,49
450,22,51
451,22,53
452,22,78
453,22,79
454,22,84
455,22,271
456,22,284
457,22,291
458,22,292
459,22,57
460,22,59
461,22,139
462,22,172
463,22,173
464,22,494
465,22,73
466,22,181
467,22,300
468,22,616
469,22,1163
470,22,74
471,22,123
472,22,136
473,22,140
474,22,409
475,22,416
476,22,599
477,22,601
478,22,602
479,22,840
480,22,858
481,22,1160
482,22,1161
483,22,610
484,22,135
485,22,630
486,23,78
487,23,79
488,23,84
489,23,291
490,23,601
491,23,602
492,23,116
493,23,122
494,23,320
495,23,1253
496,23,630
497,24,4
498,24,36
499,24,25
500,24,41
501,24,632
502,25,1
503,25,4
504,25,34
505,25,36
506,25,85
507,25,41
508,25,279
509,25,130
510,25,150
511,25,793
512,25,24
513,25,169
514,26,6
515,26,49
516,26,173
517,26,18
518,26,73
519,26,616
520,26,1163
521,26,1211
522,26,153
523,27,1
524,27,4
525,27,5
526,27,6
527,27,7
528,27,28
529,27,31
530,27,33
531,27,34
532,27,36
533,27,38
534,27,49
535,27,51
536,27,53
537,27,78
538,27,79
539,27,84
540,27,85
541,27,88
542,27,91
543,27,111
544,27,165
545,27,167
546,27,171
547,27,189
548,27,190
549,27,198
550,27,271
551,27,284
552,27,291
553,27,292
554,27,438
555,27,473
556,27,557
557,27,591
558,27,592
559,27,742
560,27,943
561,27,37
562,27,61
563,27,949
564,27,950
565,27,515
566,27,535
567,27,289
568,27,159
569,27,154
570,27,39
571,27,358
572,27,58
573,27,365
574,27,264
575,27,604
576,28,4
577,28,6
578,28,7
579,28,27
580,28,34
581,28,36
582,28,38
583,28,49
584,28,51
585,28,53
586,28,67
587,28,79
588,28,108
589,28,112
590,28,32
591,28,46
592,28,57
593,28,174
594,28,16
595,28,37
596,28,40
597,28,61
598,28,72
599,28,293
600,28,109
601,28,288
602,28,15
603,28,183
604,28,169
605,28,269
606,28,506
607,28,521
608,28,185
609,28,186
610,28,20
611,28,47
612,28,145
613,28,317
614,28,1069
615,28,1070
616,28,778
617,28,856
618,28,388
619,28,128
620,28,813
621,28,123
622,28,140
623,28,54
624,28,121
625,28,323
626,28,466
627,28,845
628,28,468
629,28,508
630,28,505
631,28,732
632,28,733
633,28,470
634,29,4
635,29,5
636,29,6
637,29,7
638,29,36
639,29,49
640,29,51
641,29,53
642,29,78
643,29,79
644,29,84
645,29,88
646,29,91
647,29,115
648,29,167
649,29,171
650,29,271
651,29,276
652,29,284
653,29,291
654,29,292
655,29,473
656,29,943
657,29,106
658,29,881
659,29,1213
660,29,1214
661,29,304
662,29,305
663,29,1200
664,29,324
665,29,110
666,29,19
667,29,417
668,29,426
669,29,429
670,29,967
671,29,752
672,29,737
673,29,435
674,29,1217
675,29,723
676,29,724
677,29,158
678,29,674
679,29,676
680,29,677
681,29,703
682,29,704
683,30,4
684,30,31
685,30,36
686,30,105
687,30,324
688,31,27
689,31,36
690,31,67
691,31,113
692,31,311
693,31,30
694,31,46
695,31,109
696,32,1
697,32,4
698,32,28
699,32,33
700,32,36
701,32,85
702,32,113
703,32,309
704,32,311
705,32,110
706,33,4
707,33,6
708,33,7
709,33,27
710,33,34
711,33,36
712,33,38
713,33,49
714,33,51
715,33,53
716,33,67
717,33,108
718,33,112
719,33,113
720,33,271
721,33,311
722,33,32
723,33,57
724,33,174
725,33,539
726,33,16
727,33,37
728,33,40
729,33,61
730,33,72
731,33,293
732,33,109
733,33,288
734,33,15
735,33,183
736,33,169
737,33,269
738,33,506
739,33,521
740,33,185
741,33,186
742,33,20
743,33,47
744,33,145
745,33,317
746,33,798
747,33,1069
748,33,1070
749,33,778
750,33,388
751,33,123
752,33,54
753,33,121
754,33,323
755,33,466
756,33,845
757,33,1189
758,33,468
759,33,732
760,33,733
761,33,470
762,33,472
763,34,1
764,34,4
765,34,5
766,34,6
767,34,27
768,34,28
769,34,33
770,34,36
771,34,49
772,34,51
773,34,53
774,34,67
775,34,78
776,34,79
777,34,84
778,34,85
779,34,88
780,34,90
781,34,91
782,34,98
783,34,115
784,34,165
785,34,167
786,34,171
787,34,189
788,34,190
789,34,204
790,34,223
791,34,271
792,34,276
793,34,284
794,34,291
795,34,292
796,34,309
797,34,312
798,34,353
799,34,385
800,34,438
801,34,473
802,34,544
803,34,606
804,34,628
805,34,816
806,34,943
807,34,1234
808,34,304
809,34,305
810,34,158
811,34,57
812,34,174
813,34,16
814,34,25
815,34,37
816,34,40
817,34,41
818,34,61
819,34,72
820,34,293
821,34,21
822,34,530
823,34,535
824,34,109
825,34,636
826,34,289
827,34,609
828,34,169
829,34,269
830,34,185
831,34,47
832,34,1070
833,34,727
834,34,388
835,34,70
836,34,129
837,34,540
838,34,123
839,34,136
840,34,140
841,34,601
842,34,602
843,34,572
844,34,573
845,34,574
846,34,54
847,34,1252
848,34,731
849,34,732
850,34,577
851,34,578
852,35,38
853,35,51
854,35,53
855,35,167
856,35,171
857,35,57
858,35,174
859,35,316
860,35,1069
861,35,1085
862,35,552
863,35,1092
864,35,123
865,35,572
866,35,575
867,35,54
868,35,576
869,35,56
870,35,464
871,36,1
872,36,6
873,36,7
874,36,27
875,36,28
876,36,31
877,36,33
878,36,34
879,36,38
880,36,49
881,36,67
882,36,85
883,36,108
884,36,112
885,36,309
886,36,503
887,36,29
888,36,30
889,36,32
890,36,916
891,36,25
892,36,41
893,36,21
894,36,151
895,36,310
896,36,530
897,36,389
898,36,637
899,36,39
900,36,43
901,36,961
902,36,15
903,36,24
904,36,187
905,36,282
906,36,341
907,37,1
908,37,6
909,37,27
910,37,28
911,37,33
912,37,34
913,37,38
914,37,49
915,37,67
916,37,85
917,37,291
918,37,292
919,37,500
920,37,502
921,37,16
922,37,61
923,37,72
924,37,21
925,37,151
926,37,148
927,37,172
928,37,707
929,37,708
930,37,39
931,37,358
932,37,130
933,37,131
934,37,147
935,37,173
936,37,509
937,37,516
938,37,15
939,37,47
940,37,132
941,37,313
942,37,852
943,38,1
944,38,4
945,38,5
946,38,6
947,38,7
948,38,27
949,38,28
950,38,33
951,38,36
952,38,49
953,38,51
954,38,53
955,38,67
956,38,85
957,38,115
958,38,165
959,38,167
960,38,171
961,38,223
962,38,276
963,38,309
964,38,354
965,38,542
966,38,304
967,38,305
968,38,605
969,38,35
970,38,57
971,38,174
972,38,16
973,38,37
974,38,40
975,38,61
976,38,72
977,38,293
978,38,296
979,38,21
980,38,530
981,38,109
982,38,288
983,38,389
984,38,169
985,38,269
986,38,185
987,38,501
988,38,526
989,38,20
990,38,47
991,38,1070
992,38,729
993,38,728
994,38,125
995,38,315
996,38,388
997,38,492
998,38,123
999,38,140
1000,38,601
1001,38,602
1002,38,572
1003,38,575
1004,38,54
1005,38,323
1006,38,466
1007,38,468
1008,38,730
1009,38,733
1010,38,117
1011,38,576
1012,38,577
1013,38,578
1014,39,4
1015,39,27
1016,39,36
1017,39,67
1018,39,312
1019,39,37
1020,39,40
1021,39,61
1022,39,310
1023,39,607
1024,39,154
1025,39,707
1026,39,708
1027,39,43
1028,39,301
1029,39,609
1030,39,710
1031,39,711
1032,39,715
1033,40,1
1034,40,5
1035,40,6
1036,40,28
1037,40,33
1038,40,34
1039,40,38
1040,40,49
1041,40,85
1042,40,165
1043,40,291
1044,40,292
1045,40,69
1046,40,500
1047,40,502
1048,40,16
1049,40,72
1050,40,76
1051,40,21
1052,40,151
1053,40,148
1054,40,172
1055,40,619
1056,40,707
1057,40,708
1058,40,39
1059,40,710
1060,40,711
1061,40,715
1062,40,147
1063,40,173
1064,40,73
1065,40,920
1066,40,1079
1067,40,1080
1068,40,1206
1069,40,144
1070,40,153
1071,40,378
1072,40,15
1073,40,493
1074,40,809
1075,40,810
1076,40,126
1077,40,128
1078,40,133
1079,40,549
1080,41,1
1081,41,4
1082,41,34
1083,41,36
1084,41,49
1085,41,85
1086,41,25
1087,41,768
1088,41,279
1089,41,172
1090,41,130
1091,41,173
1092,41,150
1093,41,24
1094,41,269
1095,42,44
1096,42,269
1097,43,4
1098,43,36
1099,43,309
1100,43,61
1101,43,39
1102,43,608
1103,44,7
1104,44,45
1105,44,169
1106,44,269
1107,44,521
1108,44,42
1109,44,50
1110,44,522
1111,45,7
1112,45,44
1113,45,169
1114,45,269
1115,45,270
1116,45,48
1117,46,7
1118,46,28
1119,46,31
1120,46,113
1121,47,28
1122,47,33
1123,47,34
1124,47,38
1125,47,291
1126,47,292
1127,47,500
1128,47,502
1129,47,16
1130,47,37
1131,47,72
1132,47,15
1133,47,313
1134,47,852
1135,47,133
1136,48,7
1137,48,45
1138,49,1
1139,49,4
1140,49,7
1141,49,27
1142,49,28
1143,49,33
1144,49,34
1145,49,36
1146,49,38
1147,49,67
1148,49,85
1149,49,542
1150,49,29
1151,49,87
1152,49,95
1153,49,96
1154,49,97
1155,49,104
1156,49,105
1157,49,107
1158,49,155
1159,49,298
1160,49,452
1161,49,965
1162,49,970
1163,49,426
1164,49,427
1165,49,969
1166,49,22
1167,49,60
1168,49,138
1169,49,143
1170,49,177
1171,49,37
1172,49,40
1173,49,41
1174,49,61
1175,49,71
1176,49,184
1177,49,296
1178,49,268
1179,49,279
1180,49,172
1181,49,250
1182,49,946
1183,49,1074
1184,49,150
1185,49,514
1186,49,932
1187,49,26
1188,49,273
1189,49,379
1190,49,494
1191,49,1162
1192,49,1080
1193,49,75
1194,49,838
1195,50,7
1196,50,44
1197,51,1
1198,51,7
1199,51,17
1200,51,27
1201,51,28
1202,51,33
1203,51,34
1204,51,38
1205,51,67
1206,51,85
1207,51,291
1208,51,292
1209,51,473
1210,51,29
1211,51,87
1212,51,95
1213,51,96
1214,51,97
1215,51,101
1216,51,102
1217,51,104
1218,51,105
1219,51,107
1220,51,155
1221,51,298
1222,51,92
1223,51,421
1224,51,1255
1225,51,1256
1226,51,1257
1227,51,93
1228,51,422
1229,51,100
1230,51,432
1231,51,736
1232,51,737
1233,51,884
1234,51,22
1235,51,35
1236,51,59
1237,51,143
1238,51,502
1239,51,140
1240,51,2
1241,51,14
1242,51,75
1243,51,170
1244,51,290
1245,51,1233
1246,51,488
1247,51,482
1248,51,483
1249,51,1252
1250,51,730
1251,51,731
1252,51,512
1253,51,525
1254,51,56
1255,51,464
1256,51,848
1257,51,175
1258,51,551
1259,52,3
1260,53,1
1261,53,7
1262,53,17
1263,53,27
1264,53,28
1265,53,33
1266,53,34
1267,53,38
1268,53,67
1269,53,85
1270,53,291
1271,53,292
1272,53,943
1273,53,29
1274,53,87
1275,53,95
1276,53,97
1277,53,101
1278,53,102
1279,53,104
1280,53,105
1281,53,155
1282,53,298
1283,53,92
1284,53,421
1285,53,642
1286,53,1254
1287,53,8
1288,53,1257
1289,53,93
1290,53,422
1291,53,100
1292,53,156
1293,53,157
1294,53,432
1295,53,736
1296,53,737
1297,53,1217
1298,53,306
1299,53,307
1300,53,22
1301,53,35
1302,53,59
1303,53,143
1304,53,502
1305,53,136
1306,53,2
1307,53,14
1308,53,75
1309,53,170
1310,53,191
1311,53,290
1312,53,394
1313,53,393
1314,53,1169
1315,53,1170
1316,53,468
1317,53,1252
1318,53,730
1319,53,731
1320,53,134
1321,53,135
1322,53,333
1323,53,56
1324,53,464
1325,53,550
1326,53,1172
1327,53,175
1328,53,551
1329,54,7
1330,54,28
1331,54,33
1332,54,34
1333,54,38
1334,54,291
1335,54,292
1336,54,35
1337,54,123
1338,54,467
1339,54,1178
1340,54,468
1341,54,1252
1342,54,56
1343,54,464
1344,54,550
1345,54,1177
1346,55,16
1347,55,72
1348,55,146
1349,55,1034
1350,56,7
1351,56,51
1352,56,53
1353,56,35
1354,56,57
1355,56,174
1356,56,554
1357,56,123
1358,56,54
1359,56,467
1360,56,560
1361,56,464
1362,56,1193
1363,56,850
1364,56,851
1365,56,465
1366,57,1
1367,57,7
1368,57,28
1369,57,33
1370,57,34
1371,57,38
1372,57,85
1373,57,291
1374,57,292
1375,57,22
1376,57,35
1377,57,59
1378,57,62
1379,57,63
1380,57,69
1381,57,83
1382,57,174
1383,57,314
1384,57,318
1385,57,387
1386,57,490
1387,57,497
1388,57,500
1389,57,502
1390,57,518
1391,57,1148
1392,57,1149
1393,57,56
1394,57,464
1395,57,847
1396,57,175
1397,57,551
1398,57,919
1399,58,5
1400,58,27
1401,58,67
1402,58,165
1403,58,223
1404,58,544
1405,58,60
1406,58,240
1407,58,211
1408,58,213
1409,58,214
1410,58,227
1411,58,229
1412,58,234
1413,58,237
1414,58,253
1415,58,927
1416,58,1165
1417,59,51
1418,59,53
1419,59,78
1420,59,79
1421,59,84
1422,59,271
1423,59,284
1424,59,291
1425,59,292
1426,59,22
1427,59,57
1428,59,139
1429,59,494
1430,59,74
1431,59,123
1432,59,136
1433,59,140
1434,59,409
1435,59,416
1436,59,599
1437,59,601
1438,59,602
1439,59,603
1440,59,1160
1441,59,1161
1442,59,610
1443,59,900
1444,59,901
1445,59,630
1446,60,6
1447,60,49
1448,60,88
1449,60,90
1450,60,91
1451,60,98
1452,60,385
1453,60,58
1454,60,251
1455,60,263
1456,61,1
1457,61,6
1458,61,27
1459,61,28
1460,61,33
1461,61,34
1462,61,38
1463,61,49
1464,61,67
1465,61,85
1466,61,291
1467,61,292
1468,61,69
1469,61,500
1470,61,502
1471,61,16
1472,61,37
1473,61,72
1474,61,76
1475,61,21
1476,61,151
1477,61,310
1478,61,148
1479,61,154
1480,61,172
1481,61,617
1482,61,708
1483,61,712
1484,61,39
1485,61,43
1486,61,301
1487,61,709
1488,61,710
1489,61,711
1490,61,713
1491,61,715
1492,61,147
1493,61,173
1494,61,1081
1495,61,1079
1496,61,1080
1497,61,1206
1498,61,144
1499,61,153
1500,61,378
1501,61,1078
1502,61,15
1503,61,809
1504,61,126
1505,61,128
1506,61,133
1507,61,552
1508,62,57
1509,63,57
1510,63,65
1511,63,64
1512,64,63
1513,65,63
1514,66,5
1515,66,271
1516,66,297
1517,66,597
1518,66,642
1519,66,3
1520,66,12
1521,66,555
1522,66,283
1523,67,1
1524,67,4
1525,67,5
1526,67,6
1527,67,7
1528,67,28
1529,67,31
1530,67,33
1531,67,34
1532,67,36
1533,67,38
1534,67,49
1535,67,51
1536,67,53
1537,67,78
1538,67,79
1539,67,84
1540,67,85
1541,67,88
1542,67,91
1543,67,111
1544,67,165
1545,67,167
1546,67,171
1547,67,189
1548,67,190
1549,67,271
1550,67,284
1551,67,291
1552,67,292
1553,67,438
1554,67,473
1555,67,557
1556,67,591
1557,67,592
1558,67,943
1559,67,138
1560,67,37
1561,67,61
1562,67,949
1563,67,950
1564,67,515
1565,67,535
1566,67,289
1567,67,957
1568,67,154
1569,67,39
1570,67,495
1571,67,1220
1572,67,58
1573,67,366
1574,67,927
1575,67,1165
1576,67,264
1577,67,878
1578,67,661
1579,68,5
1580,68,271
1581,68,297
1582,68,597
1583,68,642
1584,68,12
1585,68,555
1586,69,57
1587,69,40
1588,69,61
1589,69,71
1590,69,72
1591,69,622
1592,69,168
1593,69,621
1594,70,1
1595,70,34
1596,70,85
1597,70,291
1598,70,500
1599,70,388
1600,70,540
1601,70,1259
1602,71,1
1603,71,6
1604,71,49
1605,71,85
1606,71,69
1607,71,72
1608,71,173
1609,71,73
1610,71,1006
1611,71,1163
1612,71,153
1613,71,1164
1614,71,799
1615,72,1
1616,72,28
1617,72,33
1618,72,34
1619,72,38
1620,72,85
1621,72,291
1622,72,292
1623,72,69
1624,72,500
1625,72,502
1626,72,16
1627,72,37
1628,72,40
1629,72,61
1630,72,71
1631,72,76
1632,72,168
1633,72,15
1634,72,20
1635,72,47
1636,72,55
1637,72,145
1638,72,493
1639,72,799
1640,72,800
1641,72,614
1642,72,182
1643,72,146
1644,72,612
1645,72,1034
1646,72,1077
1647,73,22
1648,73,177
1649,73,40
1650,73,71
1651,73,26
1652,73,379
1653,73,494
1654,73,1162
1655,73,176
1656,73,615
1657,73,1006
1658,73,1202
1659,73,1204
1660,73,1205
1661,73,1209
1662,74,1
1663,74,85
1664,74,22
1665,74,59
1666,74,83
1667,74,139
1668,74,901
1669,75,6
1670,75,49
1671,75,51
1672,75,53
1673,75,78
1674,75,79
1675,75,84
1676,75,271
1677,75,284
1678,75,291
1679,75,292
1680,75,136
1681,75,140
1682,75,77
1683,75,80
1684,75,81
1685,75,82
1686,75,327
1687,75,328
1688,75,486
1689,75,487
1690,75,734
1691,75,735
1692,75,925
1693,75,922
1694,75,924
1695,75,380
1696,75,382
1697,75,383
1698,75,384
1699,75,443
1700,75,586
1701,75,889
1702,75,1155
1703,75,739
1704,75,585
1705,76,1
1706,76,85
1707,76,40
1708,76,61
1709,76,72
1710,76,622
1711,76,621
1712,77,2
1713,77,14
1714,77,75
1715,77,290
1716,77,381
1717,77,436
1718,78,1
1719,78,17
1720,78,27
1721,78,34
1722,78,67
1723,78,193
1724,78,291
1725,78,292
1726,78,29
1727,78,95
1728,78,97
1729,78,101
1730,78,102
1731,78,104
1732,78,105
1733,78,155
1734,78,298
1735,78,92
1736,78,421
1737,78,1025
1738,78,93
1739,78,422
1740,78,197
1741,78,100
1742,78,157
1743,78,432
1744,78,766
1745,78,306
1746,78,307
1747,78,22
1748,78,59
1749,78,2
1750,78,14
1751,78,75
1752,78,170
1753,78,191
1754,78,290
1755,78,381
1756,78,436
1757,78,200
1758,78,437
1759,78,274
1760,78,275
1761,78,410
1762,78,23
1763,78,278
1764,79,17
1765,79,27
1766,79,28
1767,79,34
1768,79,67
1769,79,291
1770,79,292
1771,79,29
1772,79,95
1773,79,97
1774,79,104
1775,79,105
1776,79,155
1777,79,298
1778,79,724
1779,79,306
1780,79,307
1781,79,725
1782,79,199
1783,79,22
1784,79,59
1785,79,2
1786,79,14
1787,79,75
1788,79,170
1789,79,191
1790,79,290
1791,79,381
1792,79,436
1793,79,735
1794,79,274
1795,79,275
1796,79,410
1797,79,116
1798,79,122
1799,79,320
1800,79,1252
1801,79,1253
1802,79,23
1803,79,278
1804,80,143
1805,80,2
1806,80,14
1807,80,75
1808,80,170
1809,80,290
1810,80,921
1811,81,143
1812,81,2
1813,81,14
1814,81,75
1815,81,170
1816,81,290
1817,82,2
1818,82,14
1819,82,75
1820,82,290
1821,82,381
1822,82,436
1823,83,57
1824,83,74
1825,84,17
1826,84,27
1827,84,34
1828,84,67
1829,84,85
1830,84,193
1831,84,291
1832,84,292
1833,84,29
1834,84,95
1835,84,97
1836,84,101
1837,84,102
1838,84,104
1839,84,105
1840,84,155
1841,84,298
1842,84,887
1843,84,92
1844,84,421
1845,84,1025
1846,84,93
1847,84,422
1848,84,197
1849,84,100
1850,84,156
1851,84,157
1852,84,432
1853,84,627
1854,84,915
1855,84,441
1856,84,306
1857,84,307
1858,84,22
1859,84,59
1860,84,2
1861,84,14
1862,84,75
1863,84,170
1864,84,191
1865,84,290
1866,84,381
1867,84,436
1868,84,200
1869,84,437
1870,84,274
1871,84,275
1872,84,410
1873,84,23
1874,84,278
1875,85,4
1876,85,6
1877,85,27
1878,85,34
1879,85,36
1880,85,38
1881,85,49
1882,85,51
1883,85,53
1884,85,67
1885,85,84
1886,85,108
1887,85,112
1888,85,322
1889,85,503
1890,85,32
1891,85,57
1892,85,16
1893,85,25
1894,85,37
1895,85,40
1896,85,41
1897,85,61
1898,85,71
1899,85,72
1900,85,76
1901,85,622
1902,85,768
1903,85,1007
1904,85,21
1905,85,151
1906,85,530
1907,85,953
1908,85,959
1909,85,515
1910,85,535
1911,85,918
1912,85,961
1913,85,932
1914,85,558
1915,85,70
1916,85,129
1917,85,809
1918,85,74
1919,85,123
1920,85,136
1921,85,140
1922,85,135
1923,85,333
1924,86,151
1925,87,6
1926,87,49
1927,87,51
1928,87,53
1929,87,88
1930,87,90
1931,87,91
1932,87,98
1933,87,223
1934,87,473
1935,87,423
1936,87,546
1937,87,103
1938,87,308
1939,87,424
1940,87,948
1941,87,460
1942,87,461
1943,87,945
1944,87,991
1945,88,17
1946,88,27
1947,88,34
1948,88,67
1949,88,91
1950,88,542
1951,88,29
1952,88,87
1953,88,95
1954,88,96
1955,88,97
1956,88,104
1957,88,105
1958,88,107
1959,88,155
1960,88,298
1961,88,94
1962,88,450
1963,88,308
1964,88,100
1965,88,432
1966,88,411
1967,88,998
1968,88,60
1969,88,138
1970,88,327
1971,88,328
1972,88,487
1973,88,769
1974,88,266
1975,88,267
1976,88,257
1977,88,488
1978,89,101
1979,89,102
1980,89,450
1981,89,451
1982,90,17
1983,90,34
1984,90,204
1985,90,542
1986,90,87
1987,90,95
1988,90,96
1989,90,97
1990,90,104
1991,90,107
1992,90,155
1993,90,298
1994,90,965
1995,90,60
1996,91,17
1997,91,27
1998,91,34
1999,91,67
2000,91,88
2001,91,542
2002,91,29
2003,91,87
2004,91,95
2005,91,96
2006,91,97
2007,91,104
2008,91,105
2009,91,107
2010,91,155
2011,91,298
2012,91,94
2013,91,451
2014,91,100
2015,91,432
2016,91,411
2017,91,989
2018,91,975
2019,91,984
2020,91,60
2021,91,138
2022,91,256
2023,91,261
2024,91,266
2025,92,51
2026,92,53
2027,92,78
2028,92,84
2029,92,352
2030,92,454
2031,92,421
2032,92,99
2033,92,1254
2034,92,1255
2035,92,1017
2036,92,834
2037,93,51
2038,93,53
2039,93,78
2040,93,84
2041,93,352
2042,93,454
2043,93,99
2044,93,1254
2045,93,1255
2046,93,888
2047,93,1017
2048,93,1023
2049,93,834
2050,94,88
2051,94,91
2052,94,101
2053,94,102
2054,94,352
2055,94,454
2056,94,100
2057,94,432
2058,94,411
2059,94,430
2060,94,435
2061,94,412
2062,95,5
2063,95,6
2064,95,49
2065,95,51
2066,95,53
2067,95,78
2068,95,79
2069,95,84
2070,95,88
2071,95,90
2072,95,91
2073,95,98
2074,95,165
2075,95,189
2076,95,223
2077,95,271
2078,95,291
2079,95,292
2080,95,438
2081,95,473
2082,95,544
2083,95,943
2084,95,304
2085,95,305
2086,95,303
2087,95,861
2088,95,1009
2089,95,285
2090,95,722
2091,95,103
2092,95,197
2093,95,424
2094,95,203
2095,95,944
2096,95,948
2097,95,326
2098,95,997
2099,95,999
2100,95,1001
2101,95,1197
2102,96,6
2103,96,49
2104,96,51
2105,96,88
2106,96,90
2107,96,91
2108,96,98
2109,96,473
2110,96,544
2111,96,107
2112,96,861
2113,96,928
2114,96,424
2115,96,326
2116,96,976
2117,96,992
2118,96,1000
2119,97,5
2120,97,6
2121,97,49
2122,97,51
2123,97,53
2124,97,78
2125,97,79
2126,97,84
2127,97,88
2128,97,90
2129,97,91
2130,97,98
2131,97,165
2132,97,167
2133,97,171
2134,97,189
2135,97,271
2136,97,284
2137,97,291
2138,97,292
2139,97,438
2140,97,473
2141,97,943
2142,97,104
2143,97,965
2144,97,1213
2145,97,1214
2146,97,968
2147,97,1236
2148,97,103
2149,97,197
2150,97,308
2151,97,424
2152,97,439
2153,97,440
2154,97,891
2155,97,461
2156,97,158
2157,97,674
2158,97,679
2159,97,686
2160,97,930
2161,98,17
2162,98,34
2163,98,204
2164,98,542
2165,98,87
2166,98,95
2167,98,96
2168,98,97
2169,98,104
2170,98,107
2171,98,155
2172,98,298
2173,98,965
2174,98,60
2175,98,259
2176,98,265
2177,99,92
2178,99,421
2179,99,93
2180,99,422
2181,100,51
2182,100,53
2183,100,78
2184,100,84
2185,100,88
2186,100,91
2187,100,271
2188,100,473
2189,100,943
2190,100,352
2191,100,94
2192,100,297
2193,100,444
2194,100,431
2195,100,411
2196,100,412
2197,100,883
2198,100,625
2199,100,626
2200,100,915
2201,101,4
2202,101,5
2203,101,51
2204,101,53
2205,101,78
2206,101,84
2207,101,473
2208,101,943
2209,101,352
2210,101,454
2211,101,106
2212,101,1213
2213,101,1214
2214,101,304
2215,101,305
2216,101,391
2217,101,1199
2218,101,89
2219,101,94
2220,101,297
2221,101,444
2222,101,743
2223,101,744
2224,101,887
2225,101,447
2226,102,4
2227,102,5
2228,102,51
2229,102,53
2230,102,78
2231,102,84
2232,102,473
2233,102,943
2234,102,352
2235,102,454
2236,102,106
2237,102,1213
2238,102,1214
2239,102,304
2240,102,305
2241,102,391
2242,102,89
2243,102,94
2244,102,297
2245,102,444
2246,102,445
2247,102,447
2248,103,87
2249,103,95
2250,103,97
2251,103,104
2252,103,155
2253,103,298
2254,103,308
2255,103,890
2256,103,457
2257,103,459
2258,103,999
2259,104,6
2260,104,49
2261,104,51
2262,104,53
2263,104,78
2264,104,79
2265,104,84
2266,104,88
2267,104,90
2268,104,91
2269,104,98
2270,104,167
2271,104,171
2272,104,189
2273,104,271
2274,104,284
2275,104,291
2276,104,292
2277,104,438
2278,104,473
2279,104,943
2280,104,97
2281,104,1213
2282,104,103
2283,104,197
2284,104,308
2285,104,424
2286,104,439
2287,104,440
2288,104,461
2289,104,158
2290,104,674
2291,104,679
2292,104,686
2293,104,1021
2294,104,1020
2295,104,738
2296,104,640
2297,104,929
2298,105,4
2299,105,5
2300,105,6
2301,105,7
2302,105,49
2303,105,51
2304,105,53
2305,105,78
2306,105,79
2307,105,84
2308,105,88
2309,105,91
2310,105,115
2311,105,167
2312,105,171
2313,105,271
2314,105,276
2315,105,284
2316,105,292
2317,105,473
2318,105,943
2319,105,106
2320,105,881
2321,105,1213
2322,105,1214
2323,105,304
2324,105,305
2325,105,1200
2326,105,30
2327,105,324
2328,105,110
2329,105,418
2330,105,427
2331,105,428
2332,105,967
2333,105,297
2334,105,752
2335,105,435
2336,105,723
2337,105,724
2338,105,674
2339,105,283
2340,105,593
2341,105,704
2342,106,5
2343,106,165
2344,106,29
2345,106,101
2346,106,102
2347,106,105
2348,106,11
2349,106,419
2350,106,455
2351,106,1010
2352,106,417
2353,106,418
2354,106,456
2355,107,6
2356,107,49
2357,107,51
2358,107,88
2359,107,90
2360,107,91
2361,107,98
2362,107,473
2363,107,96
2364,107,931
2365,107,424
2366,107,326
2367,107,976
2368,108,1
2369,108,4
2370,108,28
2371,108,33
2372,108,36
2373,108,85
2374,108,111
2375,108,113
2376,108,115
2377,108,276
2378,108,309
2379,108,322
2380,108,325
2381,108,633
2382,108,624
2383,109,7
2384,109,28
2385,109,31
2386,109,33
2387,109,34
2388,109,38
2389,109,111
2390,109,113
2391,109,515
2392,109,535
2393,109,287
2394,110,4
2395,110,115
2396,110,276
2397,110,325
2398,110,29
2399,110,105
2400,110,32
2401,110,324
2402,110,114
2403,110,392
2404,111,27
2405,111,67
2406,111,108
2407,111,112
2408,111,311
2409,111,109
2410,111,623
2411,111,624
2412,112,1
2413,112,4
2414,112,28
2415,112,33
2416,112,36
2417,112,85
2418,112,111
2419,112,113
2420,112,115
2421,112,276
2422,112,309
2423,112,322
2424,112,325
2425,112,633
2426,112,623
2427,112,638
2428,113,7
2429,113,31
2430,113,33
2431,113,108
2432,113,112
2433,113,322
2434,113,32
2435,113,46
2436,113,109
2437,113,288
2438,114,115
2439,114,276
2440,114,325
2441,114,324
2442,114,110
2443,115,34
2444,115,38
2445,115,108
2446,115,112
2447,115,276
2448,115,523
2449,115,29
2450,115,105
2451,115,634
2452,115,324
2453,115,110
2454,115,114
2455,115,541
2456,115,633
2457,116,79
2458,116,271
2459,116,292
2460,116,118
2461,116,120
2462,116,777
2463,116,23
2464,116,119
2465,117,38
2466,117,601
2467,117,602
2468,117,466
2469,117,468
2470,117,319
2471,117,470
2472,118,116
2473,118,120
2474,118,559
2475,118,859
2476,118,119
2477,119,116
2478,119,118
2479,119,559
2480,120,271
2481,120,116
2482,120,118
2483,120,777
2484,120,577
2485,120,578
2486,120,569
2487,121,28
2488,121,33
2489,121,466
2490,121,467
2491,121,560
2492,121,776
2493,122,79
2494,122,271
2495,122,284
2496,122,291
2497,122,292
2498,122,123
2499,122,601
2500,122,602
2501,122,320
2502,122,23
2503,122,278
2504,122,630
2505,122,559
2506,123,1
2507,123,7
2508,123,28
2509,123,33
2510,123,34
2511,123,38
2512,123,85
2513,123,291
2514,123,292
2515,123,22
2516,123,35
2517,123,59
2518,123,603
2519,123,408
2520,123,914
2521,123,1222
2522,123,398
2523,123,410
2524,123,912
2525,123,913
2526,123,122
2527,123,54
2528,123,467
2529,123,560
2530,123,468
2531,123,1252
2532,123,321
2533,123,56
2534,123,464
2535,123,550
2536,124,132
2537,124,127
2538,124,558
2539,125,38
2540,125,502
2541,125,15
2542,126,40
2543,126,61
2544,126,15
2545,126,614
2546,127,16
2547,127,132
2548,127,124
2549,127,558
2550,128,28
2551,128,40
2552,128,61
2553,128,15
2554,128,133
2555,129,1
2556,129,34
2557,129,85
2558,129,291
2559,129,500
2560,129,313
2561,129,852
2562,130,16
2563,130,25
2564,130,37
2565,130,41
2566,130,131
2567,130,793
2568,131,37
2569,131,130
2570,132,16
2571,132,37
2572,132,852
2573,132,124
2574,132,127
2575,133,40
2576,133,61
2577,133,47
2578,133,128
2579,134,53
2580,134,136
2581,134,321
2582,135,1
2583,135,53
2584,135,85
2585,135,22
2586,135,136
2587,136,1
2588,136,34
2589,136,53
2590,136,85
2591,136,22
2592,136,59
2593,136,143
2594,136,2
2595,136,14
2596,136,75
2597,136,170
2598,136,290
2599,136,394
2600,136,393
2601,136,1252
2602,136,731
2603,136,134
2604,136,135
2605,136,333
2606,137,143
2607,137,141
2608,137,142
2609,138,6
2610,138,49
2611,138,67
2612,138,88
2613,138,91
2614,138,473
2615,138,1233
2616,138,257
2617,139,22
2618,139,59
2619,139,74
2620,139,140
2621,139,448
2622,139,610
2623,140,1
2624,140,28
2625,140,34
2626,140,38
2627,140,51
2628,140,85
2629,140,291
2630,140,292
2631,140,22
2632,140,59
2633,140,139
2634,140,143
2635,140,500
2636,140,502
2637,140,2
2638,140,14
2639,140,75
2640,140,170
2641,140,290
2642,140,486
2643,140,488
2644,140,482
2645,140,483
2646,140,1252
2647,140,730
2648,140,731
2649,140,512
2650,140,525
2651,141,143
2652,141,137
2653,141,902
2654,142,143
2655,142,2
2656,142,290
2657,142,137
2658,142,903
2659,143,6
2660,143,49
2661,143,51
2662,143,53
2663,143,177
2664,143,331
2665,143,908
2666,143,136
2667,143,140
2668,143,436
2669,143,80
2670,143,81
2671,143,137
2672,143,141
2673,143,142
2674,143,839
2675,143,902
2676,143,903
2677,143,904
2678,144,16
2679,144,40
2680,144,61
2681,145,28
2682,145,33
2683,145,16
2684,145,72
2685,146,72
2686,146,55
2687,147,37
2688,147,40
2689,147,61
2690,147,172
2691,147,375
2692,147,514
2693,148,5
2694,148,165
2695,148,37
2696,148,40
2697,148,61
2698,148,151
2699,148,154
2700,148,376
2701,148,149
2702,148,707
2703,149,148
2704,149,964
2705,150,4
2706,150,6
2707,150,49
2708,150,25
2709,150,41
2710,150,272
2711,150,646
2712,150,796
2713,151,1
2714,151,4
2715,151,36
2716,151,85
2717,151,37
2718,151,40
2719,151,61
2720,151,86
2721,151,148
2722,151,172
2723,151,375
2724,151,377
2725,151,529
2726,151,510
2727,151,534
2728,151,538
2729,152,4
2730,152,21
2731,152,818
2732,152,961
2733,153,40
2734,153,61
2735,153,71
2736,153,173
2737,153,26
2738,153,379
2739,153,1162
2740,154,27
2741,154,67
2742,154,61
2743,154,148
2744,154,172
2745,154,39
2746,154,495
2747,154,507
2748,154,524
2749,154,1221
2750,155,6
2751,155,49
2752,155,51
2753,155,53
2754,155,78
2755,155,79
2756,155,84
2757,155,88
2758,155,90
2759,155,91
2760,155,98
2761,155,167
2762,155,171
2763,155,189
2764,155,271
2765,155,284
2766,155,291
2767,155,292
2768,155,438
2769,155,473
2770,155,943
2771,155,425
2772,155,722
2773,155,103
2774,155,308
2775,155,424
2776,155,439
2777,155,440
2778,155,885
2779,155,986
2780,155,724
2781,155,441
2782,155,158
2783,155,674
2784,155,679
2785,155,686
2786,155,687
2787,155,761
2788,156,53
2789,156,84
2790,156,943
2791,156,157
2792,156,441
2793,157,53
2794,157,78
2795,157,84
2796,157,943
2797,157,156
2798,157,441
2799,157,766
2800,157,767
2801,158,34
2802,158,167
2803,158,171
2804,158,284
2805,158,591
2806,158,592
2807,158,742
2808,158,29
2809,158,97
2810,158,104
2811,158,155
2812,158,298
2813,158,285
2814,158,722
2815,158,674
2816,158,679
2817,158,686
2818,158,687
2819,158,677
2820,158,680
2821,158,700
2822,158,702
2823,158,761
2824,158,1168
2825,158,280
2826,158,675
2827,158,682
2828,158,683
2829,158,685
2830,158,688
2831,158,689
2832,158,698
2833,158,701
2834,158,929
2835,158,930
2836,159,7
2837,159,27
2838,160,163
2839,160,164
2840,161,5
2841,161,163
2842,161,164
2843,163,160
2844,163,161
2845,164,160
2846,164,161
2847,165,5
2848,165,27
2849,165,34
2850,165,38
2851,165,67
2852,165,353
2853,165,354
2854,165,95
2855,165,97
2856,165,106
2857,165,1213
2858,165,456
2859,165,1235
2860,165,1236
2861,165,543
2862,165,40
2863,165,148
2864,165,356
2865,165,707
2866,165,58
2867,165,166
2868,165,178
2869,165,302
2870,166,5
2871,166,6
2872,166,165
2873,166,178
2874,166,364
2875,166,366
2876,166,927
2877,166,947
2878,166,1165
2879,167,7
2880,167,27
2881,167,34
2882,167,38
2883,167,67
2884,167,284
2885,167,823
2886,167,29
2887,167,97
2888,167,104
2889,167,105
2890,167,155
2891,167,298
2892,167,285
2893,167,722
2894,167,741
2895,167,158
2896,167,593
2897,167,280
2898,167,590
2899,167,35
2900,167,561
2901,167,563
2902,167,2
2903,167,14
2904,167,170
2905,167,290
2906,167,579
2907,167,585
2908,167,581
2909,167,582
2910,167,572
2911,167,573
2912,167,574
2913,167,566
2914,167,564
2915,167,565
2916,168,69
2917,168,72
2918,168,173
2919,169,7
2920,169,28
2921,169,33
2922,169,34
2923,169,38
2924,169,25
2925,169,184
2926,169,44
2927,169,45
2928,169,186
2929,169,501
2930,169,522
2931,170,51
2932,170,53
2933,170,78
2934,170,79
2935,170,84
2936,170,167
2937,170,171
2938,170,271
2939,170,284
2940,170,291
2941,170,292
2942,170,136
2943,170,140
2944,170,80
2945,170,81
2946,170,921
2947,171,7
2948,171,27
2949,171,34
2950,171,38
2951,171,67
2952,171,284
2953,171,823
2954,171,29
2955,171,97
2956,171,104
2957,171,105
2958,171,155
2959,171,298
2960,171,285
2961,171,722
2962,171,158
2963,171,280
2964,171,35
2965,171,562
2966,171,563
2967,171,2
2968,171,14
2969,171,170
2970,171,290
2971,171,580
2972,171,581
2973,171,582
2974,171,573
2975,171,574
2976,171,564
2977,171,565
2978,172,6
2979,172,49
2980,172,22
2981,172,37
2982,172,40
2983,172,41
2984,172,61
2985,172,21
2986,172,151
2987,172,530
2988,172,154
2989,172,334
2990,172,375
2991,172,529
2992,172,617
2993,172,618
2994,172,619
2995,172,620
2996,172,147
2997,172,332
2998,172,496
2999,172,499
3000,172,509
3001,172,18
3002,172,299
3003,172,300
3004,172,491
3005,173,22
3006,173,37
3007,173,40
3008,173,41
3009,173,61
3010,173,71
3011,173,26
3012,173,273
3013,173,153
3014,173,168
3015,173,378
3016,173,1075
3017,173,1076
3018,174,7
3019,174,28
3020,174,33
3021,174,34
3022,174,38
3023,174,291
3024,174,292
3025,174,35
3026,174,57
3027,174,314
3028,174,318
3029,174,387
3030,174,490
3031,174,500
3032,174,502
3033,174,1149
3034,174,56
3035,174,464
3036,174,847
3037,174,770
3038,174,175
3039,174,551
3040,174,919
3041,175,51
3042,175,53
3043,175,57
3044,175,174
3045,175,850
3046,175,851
3047,176,177
3048,176,180
3049,176,73
3050,176,1082
3051,177,6
3052,177,49
3053,177,143
3054,177,331
3055,177,908
3056,177,334
3057,177,178
3058,177,73
3059,177,176
3060,177,1083
3061,177,1084
3062,177,2
3063,177,290
3064,178,165
3065,178,177
3066,178,166
3067,178,302
3068,179,181
3069,180,1005
3070,180,176
3071,181,22
3072,181,179
3073,182,16
3074,182,72
3075,182,1085
3076,183,7
3077,183,28
3078,183,33
3079,184,6
3080,184,49
3081,184,293
3082,184,15
3083,184,641
3084,184,169
3085,184,269
3086,184,506
3087,184,521
3088,184,185
3089,185,28
3090,185,33
3091,185,34
3092,185,38
3093,185,184
3094,185,188
3095,185,186
3096,186,28
3097,186,33
3098,186,293
3099,186,15
3100,186,187
3101,186,188
3102,186,169
3103,186,269
3104,186,506
3105,186,521
3106,186,185
3107,187,4
3108,187,36
3109,187,188
3110,187,186
3111,188,187
3112,188,185
3113,188,186
3114,189,17
3115,189,27
3116,189,34
3117,189,67
3118,189,438
3119,189,95
3120,189,97
3121,189,104
3122,189,155
3123,189,298
3124,189,197
3125,189,306
3126,189,307
3127,189,196
3128,189,199
3129,189,191
3130,189,200
3131,190,17
3132,190,27
3133,190,34
3134,190,67
3135,190,192
3136,190,191
3137,190,200
3138,191,53
3139,191,78
3140,191,79
3141,191,84
3142,191,189
3143,191,190
3144,191,198
3145,191,271
3146,191,291
3147,191,292
3148,191,438
3149,191,816
3150,191,943
3151,191,629
3152,191,817
3153,191,604
3154,192,190
3155,192,193
3156,192,203
3157,192,367
3158,192,369
3159,192,371
3160,192,373
3161,193,17
3162,193,78
3163,193,84
3164,193,194
3165,193,197
3166,193,192
3167,193,203
3168,193,199
3169,194,17
3170,194,193
3171,194,197
3172,195,201
3173,195,202
3174,196,189
3175,196,438
3176,196,201
3177,196,202
3178,197,78
3179,197,84
3180,197,189
3181,197,193
3182,197,194
3183,197,438
3184,197,95
3185,197,97
3186,197,104
3187,197,298
3188,197,306
3189,197,307
3190,197,199
3191,198,27
3192,198,628
3193,198,191
3194,198,200
3195,199,79
3196,199,189
3197,199,193
3198,199,271
3199,199,291
3200,199,292
3201,199,438
3202,199,197
3203,199,201
3204,200,78
3205,200,84
3206,200,189
3207,200,190
3208,200,198
3209,200,438
3210,200,629
3211,201,195
3212,201,196
3213,201,199
3214,202,195
3215,202,196
3216,203,193
3217,203,95
3218,203,192
3219,204,34
3220,204,90
3221,204,98
3222,205,212
3223,205,214
3224,206,223
3225,206,208
3226,206,212
3227,206,214
3228,207,212
3229,207,214
3230,208,206
3231,208,212
3232,209,213
3233,210,212
3234,210,214
3235,211,58
3236,211,213
3237,211,219
3238,211,224
3239,211,233
3240,212,205
3241,212,206
3242,212,207
3243,212,208
3244,212,210
3245,213,58
3246,213,209
3247,213,211
3248,213,214
3249,213,227
3250,214,58
3251,214,205
3252,214,206
3253,214,207
3254,214,210
3255,214,213
3256,215,216
3257,216,215
3258,216,218
3259,217,353
3260,217,218
3261,217,235
3262,218,217
3263,218,216
3264,219,211
3265,219,227
3266,220,221
3267,220,252
3268,220,254
3269,221,220
3270,221,231
3271,221,237
3272,221,241
3273,222,237
3274,223,34
3275,223,38
3276,223,353
3277,223,354
3278,223,87
3279,223,95
3280,223,547
3281,223,58
3282,223,206
3283,223,232
3284,223,236
3285,223,238
3286,224,211
3287,224,225
3288,224,226
3289,225,224
3290,226,224
3291,227,58
3292,227,213
3293,227,219
3294,228,230
3295,229,58
3296,229,235
3297,230,228
3298,230,232
3299,230,236
3300,231,221
3301,231,237
3302,232,223
3303,232,230
3304,232,234
3305,233,211
3306,234,58
3307,234,232
3308,234,235
3309,234,238
3310,235,217
3311,235,229
3312,235,234
3313,236,223
3314,236,230
3315,237,58
3316,237,221
3317,237,222
3318,237,231
3319,238,223
3320,238,234
3321,239,249
3322,240,58
3323,240,244
3324,240,255
3325,241,221
3326,241,254
3327,242,544
3328,242,245
3329,242,250
3330,242,254
3331,243,250
3332,243,254
3333,244,240
3334,245,242
3335,246,6
3336,246,248
3337,247,251
3338,247,253
3339,248,246
3340,249,544
3341,249,239
3342,250,6
3343,250,49
3344,250,242
3345,250,243
3346,250,254
3347,251,60
3348,251,247
3349,251,253
3350,252,220
3351,253,58
3352,253,247
3353,253,251
3354,254,220
3355,254,241
3356,254,242
3357,254,243
3358,254,250
3359,255,240
3360,256,91
3361,256,260
3362,257,88
3363,257,138
3364,258,261
3365,259,98
3366,259,262
3367,260,256
3368,261,91
3369,261,258
3370,262,259
3371,262,265
3372,263,60
3373,263,266
3374,264,27
3375,264,67
3376,264,267
3377,265,98
3378,265,262
3379,266,88
3380,266,91
3381,266,263
3382,267,88
3383,267,264
3384,268,6
3385,268,7
3386,268,49
3387,269,7
3388,269,28
3389,269,33
3390,269,34
3391,269,38
3392,269,41
3393,269,184
3394,269,44
3395,269,45
3396,269,270
3397,269,42
3398,269,186
3399,269,526
3400,270,45
3401,270,269
3402,270,506
3403,271,17
3404,271,27
3405,271,33
3406,271,34
3407,271,67
3408,271,29
3409,271,95
3410,271,97
3411,271,104
3412,271,105
3413,271,155
3414,271,298
3415,271,66
3416,271,68
3417,271,421
3418,271,754
3419,271,835
3420,271,836
3421,271,1015
3422,271,1025
3423,271,1027
3424,271,285
3425,271,722
3426,271,741
3427,271,764
3428,271,765
3429,271,1019
3430,271,100
3431,271,432
3432,271,723
3433,271,306
3434,271,307
3435,271,726
3436,271,199
3437,271,22
3438,271,59
3439,271,2
3440,271,14
3441,271,75
3442,271,170
3443,271,191
3444,271,290
3445,271,381
3446,271,436
3447,271,815
3448,271,734
3449,271,274
3450,271,410
3451,271,116
3452,271,120
3453,271,122
3454,271,320
3455,271,1252
3456,271,278
3457,272,21
3458,272,530
3459,272,150
3460,273,6
3461,273,49
3462,273,173
3463,273,1081
3464,273,1078
3465,274,78
3466,274,79
3467,274,84
3468,274,271
3469,274,291
3470,274,292
3471,274,416
3472,274,599
3473,274,601
3474,274,602
3475,274,410
3476,275,78
3477,275,79
3478,275,84
3479,275,416
3480,275,599
3481,276,34
3482,276,38
3483,276,108
3484,276,112
3485,276,115
3486,276,523
3487,276,29
3488,276,105
3489,276,634
3490,276,324
3491,276,110
3492,276,114
3493,276,541
3494,276,609
3495,278,78
3496,278,79
3497,278,84
3498,278,271
3499,278,291
3500,278,292
3501,278,601
3502,278,602
3503,278,122
3504,278,320
3505,278,1253
3506,278,630
3507,279,6
3508,279,49
3509,279,25
3510,279,41
3511,279,768
3512,279,21
3513,279,530
3514,280,17
3515,280,167
3516,280,171
3517,280,284
3518,280,591
3519,280,592
3520,280,158
3521,280,674
3522,280,679
3523,280,686
3524,280,738
3525,281,4
3526,281,7
3527,281,338
3528,281,348
3529,282,7
3530,282,36
3531,282,348
3532,283,105
3533,283,66
3534,283,752
3535,283,762
3536,283,595
3537,283,596
3538,283,593
3539,283,594
3540,283,655
3541,283,659
3542,283,660
3543,284,17
3544,284,27
3545,284,34
3546,284,67
3547,284,167
3548,284,171
3549,284,557
3550,284,29
3551,284,97
3552,284,104
3553,284,105
3554,284,155
3555,284,298
3556,284,285
3557,284,722
3558,284,741
3559,284,158
3560,284,280
3561,284,1020
3562,284,1022
3563,284,22
3564,284,59
3565,284,819
3566,284,2
3567,284,14
3568,284,75
3569,284,170
3570,284,290
3571,284,381
3572,284,380
3573,284,1150
3574,284,589
3575,284,1151
3576,284,122
3577,284,320
3578,284,566
3579,284,1250
3580,284,1251
3581,285,167
3582,285,171
3583,285,271
3584,285,284
3585,285,591
3586,285,592
3587,285,95
3588,285,722
3589,285,158
3590,285,674
3591,285,679
3592,285,686
3593,285,687
3594,285,286
3595,285,1022
3596,285,738
3597,285,639
3598,285,757
3599,285,759
3600,286,17
3601,286,285
3602,286,722
3603,286,1022
3604,287,109
3605,287,288
3606,288,28
3607,288,33
3608,288,38
3609,288,113
3610,288,515
3611,288,287
3612,289,27
3613,289,34
3614,289,67
3615,289,535
3616,289,954
3617,290,51
3618,290,53
3619,290,78
3620,290,79
3621,290,84
3622,290,167
3623,290,171
3624,290,271
3625,290,284
3626,290,291
3627,290,292
3628,290,177
3629,290,136
3630,290,140
3631,290,2
3632,290,77
3633,290,80
3634,290,81
3635,290,82
3636,290,327
3637,290,328
3638,290,142
3639,290,923
3640,290,380
3641,290,382
3642,290,383
3643,290,384
3644,290,443
3645,290,579
3646,290,580
3647,290,586
3648,290,889
3649,290,588
3650,290,583
3651,291,17
3652,291,27
3653,291,34
3654,291,51
3655,291,53
3656,291,67
3657,291,78
3658,291,79
3659,291,84
3660,291,29
3661,291,95
3662,291,97
3663,291,104
3664,291,155
3665,291,298
3666,291,737
3667,291,724
3668,291,306
3669,291,307
3670,291,725
3671,291,199
3672,291,22
3673,291,57
3674,291,59
3675,291,174
3676,291,16
3677,291,37
3678,291,40
3679,291,61
3680,291,72
3681,291,47
3682,291,1070
3683,291,727
3684,291,70
3685,291,129
3686,291,123
3687,291,140
3688,291,601
3689,291,602
3690,291,2
3691,291,14
3692,291,75
3693,291,170
3694,291,191
3695,291,290
3696,291,381
3697,291,436
3698,291,735
3699,291,274
3700,291,410
3701,291,122
3702,291,320
3703,291,54
3704,291,1252
3705,291,731
3706,291,732
3707,291,1253
3708,291,23
3709,291,278
3710,292,17
3711,292,27
3712,292,34
3713,292,51
3714,292,53
3715,292,67
3716,292,78
3717,292,79
3718,292,84
3719,292,29
3720,292,95
3721,292,97
3722,292,104
3723,292,105
3724,292,155
3725,292,298
3726,292,297
3727,292,736
3728,292,723
3729,292,724
3730,292,306
3731,292,307
3732,292,726
3733,292,199
3734,292,22
3735,292,57
3736,292,59
3737,292,174
3738,292,16
3739,292,37
3740,292,40
3741,292,61
3742,292,72
3743,292,47
3744,292,1070
3745,292,729
3746,292,728
3747,292,388
3748,292,123
3749,292,140
3750,292,601
3751,292,602
3752,292,2
3753,292,14
3754,292,75
3755,292,170
3756,292,191
3757,292,290
3758,292,381
3759,292,436
3760,292,734
3761,292,274
3762,292,410
3763,292,116
3764,292,122
3765,292,320
3766,292,54
3767,292,1252
3768,292,730
3769,292,732
3770,292,733
3771,292,1253
3772,292,278
3773,293,7
3774,293,28
3775,293,33
3776,293,34
3777,293,38
3778,293,184
3779,293,295
3780,293,296
3781,293,613
3782,293,294
3783,293,705
3784,293,186
3785,294,293
3786,295,293
3787,296,6
3788,296,38
3789,296,49
3790,296,293
3791,296,613
3792,296,1238
3793,296,1243
3794,297,292
3795,297,101
3796,297,102
3797,297,105
3798,297,66
3799,297,68
3800,297,421
3801,297,1025
3802,297,100
3803,297,432
3804,297,724
3805,298,6
3806,298,49
3807,298,51
3808,298,53
3809,298,78
3810,298,79
3811,298,84
3812,298,88
3813,298,90
3814,298,91
3815,298,98
3816,298,167
3817,298,171
3818,298,189
3819,298,271
3820,298,284
3821,298,291
3822,298,292
3823,298,438
3824,298,473
3825,298,943
3826,298,722
3827,298,103
3828,298,197
3829,298,308
3830,298,424
3831,298,439
3832,298,440
3833,298,886
3834,298,724
3835,298,158
3836,298,674
3837,298,679
3838,298,686
3839,298,687
3840,299,172
3841,299,18
3842,300,22
3843,300,172
3844,300,18
3845,301,61
3846,301,390
3847,301,39
3848,302,165
3849,302,178
3850,303,95
3851,303,304
3852,303,305
3853,303,413
3854,303,605
3855,304,34
3856,304,38
3857,304,606
3858,304,29
3859,304,95
3860,304,101
3861,304,102
3862,304,105
3863,304,11
3864,304,303
3865,305,34
3866,305,38
3867,305,312
3868,305,29
3869,305,95
3870,305,101
3871,305,102
3872,305,105
3873,305,11
3874,305,303
3875,305,771
3876,306,53
3877,306,78
3878,306,79
3879,306,84
3880,306,189
3881,306,271
3882,306,291
3883,306,292
3884,306,438
3885,306,943
3886,306,197
3887,306,462
3888,306,463
3889,306,725
3890,307,53
3891,307,78
3892,307,79
3893,307,84
3894,307,189
3895,307,271
3896,307,291
3897,307,292
3898,307,438
3899,307,943
3900,307,197
3901,307,462
3902,307,463
3903,307,725
3904,308,88
3905,308,87
3906,308,97
3907,308,104
3908,308,155
3909,308,298
3910,308,103
3911,308,435
3912,308,457
3913,308,458
3914,308,459
3915,309,34
3916,309,36
3917,309,38
3918,309,108
3919,309,112
3920,309,503
3921,309,32
3922,309,916
3923,309,310
3924,309,515
3925,309,535
3926,309,635
3927,309,636
3928,309,637
3929,309,43
3930,310,4
3931,310,36
3932,310,309
3933,310,61
3934,310,39
3935,311,7
3936,311,31
3937,311,33
3938,311,111
3939,311,32
3940,312,34
3941,312,415
3942,312,606
3943,312,305
3944,312,39
3945,312,414
3946,313,37
3947,313,47
3948,313,129
3949,314,57
3950,314,174
3951,314,387
3952,314,315
3953,314,388
3954,314,492
3955,314,1038
3956,314,1062
3957,314,1063
3958,314,1064
3959,314,1067
3960,314,1068
3961,314,323
3962,314,508
3963,314,631
3964,314,505
3965,314,512
3966,314,525
3967,315,38
3968,315,314
3969,315,502
3970,316,7
3971,316,35
3972,316,318
3973,316,497
3974,316,554
3975,316,1148
3976,316,317
3977,316,798
3978,317,28
3979,317,33
3980,317,387
3981,317,316
3982,317,388
3983,317,492
3984,317,812
3985,317,814
3986,318,57
3987,318,174
3988,318,316
3989,318,798
3990,318,770
3991,319,466
3992,319,117
3993,320,79
3994,320,271
3995,320,284
3996,320,291
3997,320,292
3998,320,601
3999,320,602
4000,320,122
4001,320,23
4002,320,278
4003,320,630
4004,320,559
4005,321,123
4006,321,134
4007,322,1
4008,322,85
4009,322,108
4010,322,112
4011,322,113
4012,322,503
4013,322,638
4014,323,28
4015,323,33
4016,323,38
4017,323,314
4018,323,502
4019,323,512
4020,323,525
4021,323,770
4022,324,115
4023,324,276
4024,324,29
4025,324,105
4026,324,30
4027,324,110
4028,324,114
4029,324,19
4030,325,108
4031,325,112
4032,325,523
4033,325,110
4034,325,114
4035,325,541
4036,326,95
4037,326,96
4038,326,107
4039,326,944
4040,327,88
4041,327,75
4042,327,290
4043,327,769
4044,327,482
4045,327,483
4046,328,88
4047,328,75
4048,328,290
4049,328,769
4050,328,329
4051,328,482
4052,328,483
4053,329,328
4054,329,482
4055,329,483
4056,330,482
4057,330,483
4058,331,6
4059,331,143
4060,331,177
4061,332,6
4062,332,172
4063,333,1
4064,333,53
4065,333,85
4066,333,136
4067,334,177
4068,334,172
4069,335,7
4070,335,336
4071,335,345
4072,336,335
4073,336,337
4074,337,339
4075,337,336
4076,337,338
4077,338,281
4078,338,337
4079,338,340
4080,338,341
4081,338,342
4082,338,345
4083,339,778
4084,339,337
4085,339,340
4086,339,341
4087,340,339
4088,340,338
4089,340,344
4090,340,345
4091,340,347
4092,340,349
4093,340,351
4094,341,4
4095,341,36
4096,341,339
4097,341,338
4098,342,338
4099,342,343
4100,343,342
4101,344,340
4102,344,345
4103,345,335
4104,345,338
4105,345,340
4106,345,344
4107,345,346
4108,346,345
4109,346,347
4110,347,340
4111,347,346
4112,348,281
4113,348,282
4114,349,340
4115,349,350
4116,350,349
4117,350,351
4118,351,340
4119,351,350
4120,352,101
4121,352,102
4122,352,452
4123,352,94
4124,352,92
4125,352,93
4126,352,422
4127,352,100
4128,352,432
4129,352,411
4130,353,5
4131,353,34
4132,353,165
4133,353,217
4134,353,223
4135,353,544
4136,353,1234
4137,354,5
4138,354,38
4139,354,165
4140,354,223
4141,354,542
4142,354,544
4143,356,5
4144,356,165
4145,356,357
4146,357,356
4147,357,358
4148,357,359
4149,357,363
4150,358,27
4151,358,37
4152,358,357
4153,358,360
4154,359,357
4155,359,361
4156,360,358
4157,360,362
4158,360,361
4159,361,360
4160,361,362
4161,361,359
4162,362,360
4163,362,361
4164,362,363
4165,363,357
4166,363,362
4167,364,5
4168,364,166
4169,365,27
4170,366,67
4171,366,166
4172,367,192
4173,367,368
4174,367,370
4175,368,367
4176,368,369
4177,369,192
4178,369,368
4179,369,373
4180,369,370
4181,370,367
4182,370,369
4183,371,192
4184,371,372
4185,372,371
4186,373,192
4187,373,369
4188,375,21
4189,375,151
4190,375,172
4191,375,617
4192,375,147
4193,375,516
4194,376,148
4195,376,377
4196,377,151
4197,377,376
4198,378,40
4199,378,61
4200,378,173
4201,378,1075
4202,378,1076
4203,379,6
4204,379,49
4205,379,73
4206,379,1163
4207,379,153
4208,379,1164
4209,380,284
4210,380,2
4211,380,14
4212,380,75
4213,380,290
4214,380,381
4215,380,436
4216,380,382
4217,380,383
4218,380,384
4219,380,443
4220,380,588
4221,380,589
4222,381,78
4223,381,79
4224,381,84
4225,381,271
4226,381,284
4227,381,291
4228,381,292
4229,381,77
4230,381,82
4231,381,734
4232,381,735
4233,381,380
4234,381,382
4235,381,383
4236,381,384
4237,381,443
4238,381,586
4239,381,739
4240,381,585
4241,382,2
4242,382,14
4243,382,75
4244,382,290
4245,382,381
4246,382,380
4247,382,442
4248,383,2
4249,383,14
4250,383,75
4251,383,290
4252,383,381
4253,383,380
4254,383,442
4255,384,2
4256,384,75
4257,384,290
4258,384,381
4259,384,380
4260,384,587
4261,384,442
4262,385,34
4263,385,60
4264,385,386
4265,386,385
4266,387,57
4267,387,174
4268,387,314
4269,387,317
4270,387,388
4271,387,813
4272,387,814
4273,387,508
4274,388,28
4275,388,33
4276,388,34
4277,388,38
4278,388,292
4279,388,314
4280,388,387
4281,388,502
4282,388,317
4283,388,798
4284,388,70
4285,388,520
4286,388,528
4287,388,811
4288,389,36
4289,389,38
4290,389,515
4291,390,301
4292,390,609
4293,391,101
4294,391,102
4295,392,110
4296,393,53
4297,393,136
4298,393,394
4299,393,395
4300,393,404
4301,393,405
4302,393,406
4303,394,53
4304,394,136
4305,394,409
4306,394,408
4307,394,911
4308,394,393
4309,394,395
4310,394,396
4311,394,398
4312,394,404
4313,394,405
4314,394,406
4315,394,407
4316,394,909
4317,394,910
4318,395,394
4319,395,408
4320,395,911
4321,395,393
4322,395,399
4323,395,400
4324,395,401
4325,395,402
4326,395,403
4327,396,394
4328,396,397
4329,396,398
4330,397,396
4331,397,398
4332,398,123
4333,398,394
4334,398,396
4335,398,397
4336,398,404
4337,398,910
4338,399,395
4339,399,400
4340,399,401
4341,399,402
4342,400,395
4343,400,399
4344,401,395
4345,401,399
4346,402,395
4347,402,399
4348,403,395
4349,404,394
4350,404,393
4351,404,398
4352,404,405
4353,404,406
4354,404,407
4355,405,394
4356,405,393
4357,405,404
4358,406,394
4359,406,393
4360,406,404
4361,407,394
4362,407,404
4363,408,123
4364,408,394
4365,408,395
4366,408,913
4367,409,22
4368,409,59
4369,409,394
4370,410,78
4371,410,79
4372,410,84
4373,410,271
4374,410,291
4375,410,292
4376,410,123
4377,410,416
4378,410,599
4379,410,601
4380,410,602
4381,410,914
4382,410,274
4383,410,912
4384,411,88
4385,411,91
4386,411,352
4387,411,454
4388,411,94
4389,411,100
4390,411,432
4391,411,435
4392,411,412
4393,411,882
4394,411,883
4395,412,94
4396,412,100
4397,412,432
4398,412,411
4399,413,303
4400,414,312
4401,414,415
4402,414,606
4403,415,312
4404,415,606
4405,415,414
4406,416,22
4407,416,59
4408,416,274
4409,416,275
4410,416,410
4411,416,600
4412,417,5
4413,417,29
4414,417,106
4415,418,5
4416,418,105
4417,418,106
4418,419,5
4419,419,106
4420,419,420
4421,420,419
4422,421,51
4423,421,53
4424,421,78
4425,421,84
4426,421,271
4427,421,454
4428,421,297
4429,421,92
4430,421,99
4431,421,1254
4432,421,1255
4433,421,422
4434,421,834
4435,421,1027
4436,422,51
4437,422,53
4438,422,78
4439,422,84
4440,422,352
4441,422,421
4442,422,99
4443,422,1254
4444,422,1255
4445,423,87
4446,424,87
4447,424,95
4448,424,96
4449,424,97
4450,424,104
4451,424,107
4452,424,155
4453,424,298
4454,424,965
4455,424,970
4456,424,985
4457,424,988
4458,424,971
4459,424,987
4460,425,155
4461,426,49
4462,426,29
4463,427,49
4464,427,105
4465,428,6
4466,428,105
4467,429,6
4468,429,29
4469,430,94
4470,431,100
4471,431,432
4472,432,51
4473,432,53
4474,432,78
4475,432,84
4476,432,88
4477,432,91
4478,432,271
4479,432,473
4480,432,943
4481,432,352
4482,432,94
4483,432,297
4484,432,431
4485,432,411
4486,432,435
4487,432,412
4488,432,625
4489,432,626
4490,432,915
4491,433,434
4492,433,884
4493,433,885
4494,434,435
4495,434,433
4496,434,884
4497,434,885
4498,435,29
4499,435,105
4500,435,94
4501,435,308
4502,435,432
4503,435,411
4504,435,434
4505,436,78
4506,436,79
4507,436,84
4508,436,271
4509,436,291
4510,436,292
4511,436,143
4512,436,77
4513,436,82
4514,436,380
4515,437,78
4516,437,84
4517,437,895
4518,437,894
4519,437,896
4520,437,897
4521,438,17
4522,438,27
4523,438,34
4524,438,67
4525,438,189
4526,438,95
4527,438,97
4528,438,104
4529,438,155
4530,438,298
4531,438,197
4532,438,306
4533,438,307
4534,438,196
4535,438,199
4536,438,191
4537,438,200
4538,438,791
4539,439,97
4540,439,104
4541,439,155
4542,439,298
4543,439,440
4544,439,441
4545,439,462
4546,440,97
4547,440,104
4548,440,155
4549,440,298
4550,440,439
4551,440,441
4552,440,463
4553,441,84
4554,441,155
4555,441,439
4556,441,440
4557,441,156
4558,441,157
4559,442,382
4560,442,383
4561,442,384
4562,442,443
4563,443,2
4564,443,14
4565,443,75
4566,443,290
4567,443,381
4568,443,380
4569,443,442
4570,444,101
4571,444,102
4572,444,446
4573,444,100
4574,444,625
4575,445,102
4576,445,446
4577,446,444
4578,446,445
4579,447,101
4580,447,102
4581,448,139
4582,448,908
4583,448,474
4584,450,88
4585,450,89
4586,451,91
4587,451,89
4588,452,49
4589,452,352
4590,453,6
4591,453,454
4592,454,101
4593,454,102
4594,454,453
4595,454,94
4596,454,92
4597,454,421
4598,454,93
4599,454,411
4600,455,5
4601,455,106
4602,456,5
4603,456,165
4604,456,106
4605,456,11
4606,457,473
4607,457,103
4608,457,308
4609,457,460
4610,457,461
4611,458,473
4612,458,308
4613,458,461
4614,459,103
4615,459,308
4616,459,460
4617,460,87
4618,460,457
4619,460,459
4620,461,87
4621,461,97
4622,461,104
4623,461,457
4624,461,458
4625,462,439
4626,462,306
4627,462,307
4628,463,440
4629,463,306
4630,463,307
4631,464,7
4632,464,51
4633,464,53
4634,464,35
4635,464,57
4636,464,174
4637,464,554
4638,464,123
4639,464,54
4640,464,467
4641,464,560
4642,464,56
4643,464,1193
4644,464,846
4645,464,847
4646,464,849
4647,464,850
4648,464,851
4649,464,465
4650,465,56
4651,465,464
4652,466,28
4653,466,33
4654,466,38
4655,466,121
4656,466,467
4657,466,560
4658,466,468
4659,466,117
4660,466,319
4661,467,123
4662,467,54
4663,467,121
4664,467,466
4665,467,471
4666,467,468
4667,467,470
4668,467,56
4669,467,464
4670,468,28
4671,468,33
4672,468,38
4673,468,53
4674,468,502
4675,468,123
4676,468,601
4677,468,54
4678,468,466
4679,468,467
4680,468,117
4681,468,469
4682,469,471
4683,469,468
4684,469,470
4685,470,28
4686,470,33
4687,470,467
4688,470,117
4689,470,469
4690,471,467
4691,471,560
4692,471,469
4693,471,472
4694,471,773
4695,472,33
4696,472,471
4697,473,17
4698,473,27
4699,473,34
4700,473,51
4701,473,67
4702,473,29
4703,473,87
4704,473,95
4705,473,96
4706,473,97
4707,473,101
4708,473,102
4709,473,104
4710,473,105
4711,473,107
4712,473,155
4713,473,298
4714,473,100
4715,473,432
4716,473,884
4717,473,944
4718,473,457
4719,473,458
4720,473,945
4721,473,993
4722,473,138
4723,474,908
4724,474,448
4725,475,476
4726,475,477
4727,475,480
4728,475,478
4729,475,479
4730,476,6
4731,476,475
4732,477,475
4733,478,475
4734,479,475
4735,480,475
4736,481,1073
4737,481,1074
4738,482,51
4739,482,140
4740,482,327
4741,482,328
4742,482,329
4743,482,330
4744,483,51
4745,483,140
4746,483,327
4747,483,328
4748,483,329
4749,483,330
4750,484,487
4751,484,488
4752,485,486
4753,485,488
4754,486,140
4755,486,75
4756,486,485
4757,487,88
4758,487,75
4759,487,484
4760,488,51
4761,488,88
4762,488,140
4763,488,484
4764,488,485
4765,489,536
4766,490,57
4767,490,174
4768,490,512
4769,490,525
4770,491,172
4771,491,529
4772,491,538
4773,492,38
4774,492,314
4775,492,502
4776,492,317
4777,492,520
4778,492,528
4779,492,814
4780,493,40
4781,493,72
4782,494,6
4783,494,49
4784,494,22
4785,494,59
4786,494,504
4787,494,73
4788,495,67
4789,495,154
4790,496,172
4791,496,513
4792,496,794
4793,497,57
4794,497,539
4795,497,316
4796,497,798
4797,498,21
4798,498,509
4799,498,519
4800,499,172
4801,500,4
4802,500,57
4803,500,174
4804,500,16
4805,500,37
4806,500,40
4807,500,61
4808,500,72
4809,500,47
4810,500,1070
4811,500,632
4812,500,70
4813,500,129
4814,500,540
4815,500,140
4816,500,1252
4817,500,532
4818,501,38
4819,501,169
4820,501,521
4821,502,4
4822,502,51
4823,502,53
4824,502,57
4825,502,174
4826,502,16
4827,502,37
4828,502,40
4829,502,61
4830,502,72
4831,502,20
4832,502,47
4833,502,1070
4834,502,125
4835,502,315
4836,502,388
4837,502,492
4838,502,140
4839,502,323
4840,502,468
4841,502,508
4842,502,631
4843,502,841
4844,503,36
4845,503,85
4846,503,309
4847,503,322
4848,504,494
4849,504,527
4850,504,531
4851,504,511
4852,505,28
4853,505,314
4854,506,28
4855,506,33
4856,506,184
4857,506,270
4858,506,186
4859,506,526
4860,507,154
4861,508,28
4862,508,314
4863,508,387
4864,508,502
4865,508,512
4866,508,525
4867,509,37
4868,509,172
4869,509,498
4870,509,517
4871,509,519
4872,510,21
4873,510,151
4874,510,519
4875,510,533
4876,511,504
4877,512,51
4878,512,314
4879,512,490
4880,512,140
4881,512,323
4882,512,508
4883,512,841
4884,513,21
4885,513,530
4886,513,496
4887,513,643
4888,513,645
4889,513,654
4890,513,794
4891,513,795
4892,514,6
4893,514,49
4894,514,147
4895,514,517
4896,515,1
4897,515,27
4898,515,67
4899,515,85
4900,515,309
4901,515,109
4902,515,288
4903,515,389
4904,515,635
4905,516,37
4906,516,21
4907,516,375
4908,516,533
4909,517,21
4910,517,509
4911,517,514
4912,517,519
4913,518,1
4914,518,57
4915,518,532
4916,519,21
4917,519,498
4918,519,509
4919,519,510
4920,519,517
4921,520,388
4922,520,492
4923,521,28
4924,521,33
4925,521,184
4926,521,613
4927,521,44
4928,521,186
4929,521,501
4930,521,522
4931,522,44
4932,522,169
4933,522,521
4934,523,4
4935,523,115
4936,523,276
4937,523,325
4938,524,154
4939,525,51
4940,525,314
4941,525,490
4942,525,140
4943,525,323
4944,525,508
4945,525,841
4946,526,38
4947,526,269
4948,526,506
4949,527,504
4950,528,388
4951,528,492
4952,529,21
4953,529,151
4954,529,172
4955,529,491
4956,530,1
4957,530,4
4958,530,34
4959,530,36
4960,530,38
4961,530,85
4962,530,21
4963,530,279
4964,530,172
4965,530,272
4966,530,513
4967,530,644
4968,530,646
4969,530,650
4970,530,960
4971,531,504
4972,532,500
4973,532,518
4974,533,510
4975,533,516
4976,533,534
4977,534,21
4978,534,151
4979,534,533
4980,535,1
4981,535,27
4982,535,34
4983,535,67
4984,535,85
4985,535,309
4986,535,109
4987,535,289
4988,536,489
4989,536,537
4990,537,6
4991,537,536
4992,538,21
4993,538,151
4994,538,491
4995,538,920
4996,539,33
4997,539,497
4998,540,34
4999,540,500
5000,540,70
5001,540,1008
5002,541,4
5003,541,115
5004,541,276
5005,541,325
5006,542,6
5007,542,17
5008,542,38
5009,542,49
5010,542,88
5011,542,90
5012,542,91
5013,542,98
5014,542,354
5015,542,544
5016,543,5
5017,543,165
5018,543,545
5019,544,34
5020,544,353
5021,544,354
5022,544,542
5023,544,95
5024,544,96
5025,544,928
5026,544,58
5027,544,242
5028,544,249
5029,545,543
5030,546,87
5031,547,223
5032,548,5
5033,549,7
5034,549,40
5035,549,553
5036,550,53
5037,550,123
5038,550,54
5039,550,1193
5040,550,551
5041,551,51
5042,551,53
5043,551,57
5044,551,174
5045,551,554
5046,551,550
5047,551,850
5048,551,851
5049,552,7
5050,552,35
5051,552,61
5052,552,553
5053,553,549
5054,553,552
5055,554,316
5056,554,56
5057,554,464
5058,554,551
5059,554,919
5060,555,66
5061,555,68
5062,555,556
5063,555,1025
5064,556,597
5065,556,1025
5066,556,555
5067,557,27
5068,557,67
5069,557,284
5070,557,661
5071,558,1
5072,558,85
5073,558,124
5074,558,127
5075,559,118
5076,559,122
5077,559,320
5078,559,860
5079,559,119
5080,559,570
5081,559,571
5082,560,123
5083,560,121
5084,560,466
5085,560,471
5086,560,56
5087,560,464
5088,561,167
5089,561,563
5090,561,579
5091,561,567
5092,561,564
5093,561,565
5094,562,171
5095,562,563
5096,562,564
5097,562,565
5098,563,167
5099,563,171
5100,563,561
5101,563,562
5102,564,167
5103,564,171
5104,564,561
5105,564,562
5106,565,167
5107,565,171
5108,565,561
5109,565,562
5110,566,167
5111,566,284
5112,566,567
5113,566,1191
5114,566,1192
5115,566,1250
5116,566,1251
5117,566,568
5118,567,561
5119,567,566
5120,568,572
5121,568,566
5122,568,569
5123,568,570
5124,568,571
5125,569,120
5126,569,568
5127,570,559
5128,570,568
5129,571,559
5130,571,568
5131,572,7
5132,572,34
5133,572,38
5134,572,167
5135,572,35
5136,572,573
5137,572,574
5138,572,575
5139,572,576
5140,572,568
5141,573,34
5142,573,167
5143,573,171
5144,573,572
5145,574,34
5146,574,167
5147,574,171
5148,574,572
5149,575,7
5150,575,38
5151,575,35
5152,575,572
5153,576,7
5154,576,38
5155,576,35
5156,576,572
5157,577,34
5158,577,38
5159,577,120
5160,577,1252
5161,578,34
5162,578,38
5163,578,120
5164,579,167
5165,579,561
5166,579,2
5167,579,290
5168,579,585
5169,579,581
5170,579,582
5171,579,583
5172,579,584
5173,580,171
5174,580,2
5175,580,290
5176,580,581
5177,580,582
5178,581,167
5179,581,171
5180,581,579
5181,581,580
5182,581,583
5183,582,167
5184,582,171
5185,582,579
5186,582,580
5187,583,290
5188,583,579
5189,583,581
5190,584,2
5191,584,579
5192,585,167
5193,585,75
5194,585,381
5195,585,579
5196,586,2
5197,586,75
5198,586,290
5199,586,381
5200,586,588
5201,586,1154
5202,587,14
5203,587,384
5204,588,2
5205,588,290
5206,588,380
5207,588,586
5208,588,889
5209,589,284
5210,589,380
5211,590,167
5212,590,591
5213,590,592
5214,590,1028
5215,590,738
5216,591,27
5217,591,67
5218,591,285
5219,591,722
5220,591,741
5221,591,158
5222,591,280
5223,591,590
5224,592,27
5225,592,67
5226,592,285
5227,592,722
5228,592,741
5229,592,158
5230,592,280
5231,592,590
5232,592,1029
5233,593,167
5234,593,105
5235,593,283
5236,593,594
5237,594,283
5238,594,595
5239,594,593
5240,595,597
5241,595,752
5242,595,762
5243,595,1019
5244,595,283
5245,595,826
5246,595,594
5247,596,283
5248,596,598
5249,597,66
5250,597,68
5251,597,556
5252,597,756
5253,597,1025
5254,597,595
5255,597,826
5256,598,596
5257,598,826
5258,599,22
5259,599,59
5260,599,274
5261,599,275
5262,599,410
5263,599,600
5264,600,416
5265,600,599
5266,600,601
5267,600,602
5268,601,34
5269,601,38
5270,601,291
5271,601,292
5272,601,22
5273,601,59
5274,601,274
5275,601,410
5276,601,600
5277,601,122
5278,601,320
5279,601,468
5280,601,1252
5281,601,732
5282,601,733
5283,601,23
5284,601,278
5285,601,117
5286,602,34
5287,602,38
5288,602,291
5289,602,292
5290,602,22
5291,602,59
5292,602,274
5293,602,410
5294,602,600
5295,602,122
5296,602,320
5297,602,1252
5298,602,732
5299,602,733
5300,602,23
5301,602,278
5302,602,117
5303,603,59
5304,603,123
5305,604,27
5306,604,191
5307,604,815
5308,605,38
5309,605,303
5310,606,34
5311,606,312
5312,606,415
5313,606,304
5314,606,414
5315,607,4
5316,607,39
5317,608,4
5318,608,43
5319,609,34
5320,609,276
5321,609,390
5322,609,39
5323,610,22
5324,610,59
5325,610,139
5326,610,840
5327,610,611
5328,611,610
5329,612,16
5330,612,72
5331,613,293
5332,613,296
5333,613,521
5334,614,72
5335,614,126
5336,615,73
5337,615,1212
5338,616,22
5339,616,26
5340,616,1006
5341,616,1211
5342,617,61
5343,617,172
5344,617,375
5345,617,618
5346,618,172
5347,618,617
5348,619,40
5349,619,172
5350,619,620
5351,620,172
5352,620,619
5353,621,69
5354,621,76
5355,622,1
5356,622,85
5357,622,69
5358,622,76
5359,622,810
5360,623,111
5361,623,112
5362,623,624
5363,624,108
5364,624,111
5365,624,623
5366,625,444
5367,625,100
5368,625,432
5369,625,626
5370,626,100
5371,626,432
5372,626,625
5373,627,84
5374,628,34
5375,628,198
5376,629,191
5377,629,200
5378,630,22
5379,630,59
5380,630,122
5381,630,320
5382,630,23
5383,630,278
5384,631,314
5385,631,502
5386,632,4
5387,632,500
5388,632,24
5389,633,108
5390,633,112
5391,633,115
5392,634,115
5393,634,276
5394,635,309
5395,635,515
5396,636,34
5397,636,309
5398,637,36
5399,637,309
5400,638,112
5401,638,322
5402,639,285
5403,639,679
5404,639,686
5405,639,684
5406,639,692
5407,639,693
5408,640,104
5409,640,679
5410,640,686
5411,640,684
5412,640,694
5413,640,695
5414,641,184
5415,641,15
5416,642,53
5417,642,66
5418,642,68
5419,642,1254
5420,643,6
5421,643,513
5422,643,796
5423,644,21
5424,644,530
5425,644,645
5426,644,647
5427,644,648
5428,644,649
5429,644,650
5430,644,651
5431,645,513
5432,645,644
5433,645,794
5434,646,21
5435,646,530
5436,646,150
5437,646,647
5438,646,650
5439,646,651
5440,646,652
5441,646,653
5442,647,644
5443,647,646
5444,648,644
5445,649,644
5446,650,21
5447,650,530
5448,650,644
5449,650,646
5450,650,652
5451,651,644
5452,651,646
5453,652,646
5454,652,650
5455,653,646
5456,654,513
5457,654,795
5458,655,283
5459,655,656
5460,655,657
5461,655,658
5462,655,660
5463,656,655
5464,657,655
5465,658,655
5466,659,283
5467,660,283
5468,660,655
5469,661,67
5470,661,557
5471,661,664
5472,661,665
5473,661,666
5474,661,667
5475,662,664
5476,662,666
5477,663,664
5478,663,666
5479,664,661
5480,664,662
5481,664,663
5482,664,665
5483,664,668
5484,664,669
5485,664,670
5486,664,671
5487,664,672
5488,664,673
5489,665,661
5490,665,664
5491,665,666
5492,665,667
5493,665,668
5494,665,669
5495,665,670
5496,665,671
5497,665,672
5498,665,673
5499,666,661
5500,666,662
5501,666,663
5502,666,665
5503,666,668
5504,666,669
5505,666,670
5506,666,671
5507,666,672
5508,666,673
5509,667,661
5510,667,665
5511,667,668
5512,667,669
5513,667,670
5514,667,671
5515,667,672
5516,667,673
5517,668,664
5518,668,665
5519,668,666
5520,668,667
5521,669,664
5522,669,665
5523,669,666
5524,669,667
5525,670,664
5526,670,665
5527,670,666
5528,670,667
5529,671,664
5530,671,665
5531,671,666
5532,671,667
5533,672,664
5534,672,665
5535,672,666
5536,672,667
5537,673,664
5538,673,665
5539,673,666
5540,673,667
5541,674,29
5542,674,97
5543,674,104
5544,674,105
5545,674,155
5546,674,298
5547,674,285
5548,674,722
5549,674,158
5550,674,687
5551,674,676
5552,674,678
5553,674,681
5554,674,700
5555,674,702
5556,674,280
5557,674,675
5558,674,685
5559,674,688
5560,674,689
5561,674,698
5562,674,701
5563,675,158
5564,675,674
5565,675,679
5566,676,29
5567,676,674
5568,676,679
5569,676,687
5570,676,678
5571,677,29
5572,677,158
5573,677,687
5574,677,680
5575,678,674
5576,678,679
5577,678,676
5578,679,97
5579,679,104
5580,679,155
5581,679,298
5582,679,285
5583,679,722
5584,679,158
5585,679,687
5586,679,676
5587,679,678
5588,679,681
5589,679,700
5590,679,702
5591,679,280
5592,679,699
5593,679,639
5594,679,640
5595,679,675
5596,679,685
5597,679,688
5598,679,689
5599,679,691
5600,679,698
5601,679,701
5602,680,158
5603,680,677
5604,681,674
5605,681,679
5606,682,158
5607,682,760
5608,683,158
5609,684,639
5610,684,640
5611,684,690
5612,684,691
5613,684,696
5614,684,697
5615,685,158
5616,685,674
5617,685,679
5618,685,686
5619,685,687
5620,686,97
5621,686,104
5622,686,155
5623,686,298
5624,686,285
5625,686,722
5626,686,158
5627,686,687
5628,686,700
5629,686,702
5630,686,280
5631,686,699
5632,686,639
5633,686,640
5634,686,685
5635,686,688
5636,686,689
5637,686,691
5638,686,693
5639,686,695
5640,686,696
5641,686,697
5642,686,698
5643,686,701
5644,687,155
5645,687,298
5646,687,285
5647,687,722
5648,687,158
5649,687,674
5650,687,679
5651,687,686
5652,687,676
5653,687,677
5654,687,700
5655,687,702
5656,687,703
5657,687,704
5658,687,761
5659,687,1168
5660,687,685
5661,687,688
5662,687,689
5663,687,698
5664,687,701
5665,687,760
5666,687,929
5667,687,930
5668,688,158
5669,688,674
5670,688,679
5671,688,686
5672,688,687
5673,689,158
5674,689,674
5675,689,679
5676,689,686
5677,689,687
5678,690,684
5679,690,691
5680,691,679
5681,691,686
5682,691,684
5683,691,690
5684,692,639
5685,692,693
5686,692,697
5687,693,686
5688,693,639
5689,693,692
5690,694,640
5691,694,695
5692,694,696
5693,695,686
5694,695,640
5695,695,694
5696,696,686
5697,696,684
5698,696,694
5699,697,686
5700,697,684
5701,697,692
5702,698,158
5703,698,674
5704,698,679
5705,698,686
5706,698,687
5707,699,679
5708,699,686
5709,700,158
5710,700,674
5711,700,679
5712,700,686
5713,700,687
5714,701,158
5715,701,674
5716,701,679
5717,701,686
5718,701,687
5719,702,158
5720,702,674
5721,702,679
5722,702,686
5723,702,687
5724,703,29
5725,703,687
5726,704,29
5727,704,105
5728,704,687
5729,705,293
5730,706,714
5731,707,5
5732,707,165
5733,707,37
5734,707,40
5735,707,148
5736,707,708
5737,707,39
5738,707,710
5739,707,711
5740,707,715
5741,708,37
5742,708,40
5743,708,61
5744,708,707
5745,708,712
5746,708,39
5747,708,709
5748,708,710
5749,708,713
5750,708,942
5751,709,61
5752,709,708
5753,709,710
5754,709,711
5755,709,713
5756,709,715
5757,710,40
5758,710,61
5759,710,707
5760,710,708
5761,710,39
5762,710,709
5763,710,711
5764,710,715
5765,711,40
5766,711,61
5767,711,707
5768,711,39
5769,711,709
5770,711,710
5771,711,715
5772,712,61
5773,712,708
5774,712,713
5775,713,61
5776,713,708
5777,713,712
5778,713,709
5779,714,716
5780,714,715
5781,714,706
5782,715,40
5783,715,61
5784,715,707
5785,715,714
5786,715,39
5787,715,709
5788,715,710
5789,715,711
5790,716,714
5791,717,719
5792,717,720
5793,717,721
5794,719,717
5795,720,717
5796,721,717
5797,722,167
5798,722,171
5799,722,271
5800,722,284
5801,722,591
5802,722,592
5803,722,95
5804,722,155
5805,722,298
5806,722,285
5807,722,158
5808,722,674
5809,722,679
5810,722,686
5811,722,687
5812,722,1166
5813,722,761
5814,722,286
5815,722,1022
5816,722,738
5817,722,757
5818,722,759
5819,722,830
5820,722,930
5821,723,271
5822,723,292
5823,723,29
5824,723,105
5825,724,79
5826,724,291
5827,724,292
5828,724,29
5829,724,105
5830,724,155
5831,724,298
5832,724,297
5833,725,79
5834,725,291
5835,725,306
5836,725,307
5837,726,271
5838,726,292
5839,726,741
5840,727,34
5841,727,291
5842,728,38
5843,728,292
5844,729,38
5845,729,292
5846,730,38
5847,730,51
5848,730,53
5849,730,292
5850,730,140
5851,731,34
5852,731,51
5853,731,53
5854,731,291
5855,731,136
5856,731,140
5857,732,28
5858,732,33
5859,732,34
5860,732,291
5861,732,292
5862,732,601
5863,732,602
5864,732,1252
5865,733,28
5866,733,33
5867,733,38
5868,733,292
5869,733,601
5870,733,602
5871,734,271
5872,734,292
5873,734,75
5874,734,381
5875,735,79
5876,735,291
5877,735,75
5878,735,381
5879,736,51
5880,736,53
5881,736,292
5882,736,943
5883,737,51
5884,737,53
5885,737,291
5886,737,943
5887,737,29
5888,737,1217
5889,738,104
5890,738,285
5891,738,722
5892,738,741
5893,738,280
5894,738,590
5895,738,1033
5896,739,14
5897,739,75
5898,739,381
5899,739,889
5900,739,740
5901,740,14
5902,740,739
5903,741,167
5904,741,271
5905,741,284
5906,741,591
5907,741,592
5908,741,726
5909,741,1021
5910,741,1020
5911,741,738
5912,742,27
5913,742,158
5914,743,101
5915,743,744
5916,743,745
5917,744,101
5918,744,743
5919,744,745
5920,745,743
5921,745,744
5922,746,747
5923,746,764
5924,746,765
5925,746,749
5926,747,746
5927,747,1014
5928,748,837
5929,749,746
5930,750,754
5931,750,1025
5932,750,753
5933,750,1027
5934,750,755
5935,751,752
5936,751,1024
5937,752,29
5938,752,105
5939,752,751
5940,752,837
5941,752,283
5942,752,595
5943,752,763
5944,753,754
5945,753,750
5946,754,271
5947,754,750
5948,754,753
5949,755,750
5950,755,1027
5951,756,597
5952,757,285
5953,757,722
5954,757,758
5955,757,759
5956,757,930
5957,757,1215
5958,758,757
5959,759,285
5960,759,722
5961,759,757
5962,760,687
5963,760,682
5964,760,829
5965,760,831
5966,760,930
5967,761,155
5968,761,722
5969,761,158
5970,761,687
5971,761,1167
5972,762,835
5973,762,836
5974,762,764
5975,762,765
5976,762,1019
5977,762,283
5978,762,595
5979,763,752
5980,763,764
5981,763,765
5982,764,271
5983,764,746
5984,764,762
5985,764,765
5986,764,763
5987,765,271
5988,765,746
5989,765,762
5990,765,764
5991,765,763
5992,766,78
5993,766,157
5994,766,767
5995,767,157
5996,767,766
5997,768,1
5998,768,85
5999,768,41
6000,768,279
6001,769,88
6002,769,327
6003,769,328
6004,770,174
6005,770,318
6006,770,323
6007,771,305
6008,772,5
6009,773,471
6010,773,776
6011,774,775
6012,774,776
6013,775,774
6014,775,776
6015,776,121
6016,776,774
6017,776,775
6018,776,773
6019,777,116
6020,777,120
6021,778,28
6022,778,33
6023,778,339
6024,778,856
6025,779,791
6026,780,791
6027,781,791
6028,782,791
6029,783,791
6030,784,791
6031,785,791
6032,786,791
6033,787,791
6034,788,791
6035,789,791
6036,790,791
6037,791,438
6038,791,779
6039,791,780
6040,791,781
6041,791,782
6042,791,783
6043,791,784
6044,791,785
6045,791,786
6046,791,787
6047,791,788
6048,791,789
6049,791,790
6050,792,793
6051,793,25
6052,793,130
6053,793,792
6054,794,496
6055,794,513
6056,794,645
6057,795,513
6058,795,654
6059,796,150
6060,796,643
6061,797,798
6062,798,33
6063,798,318
6064,798,497
6065,798,316
6066,798,797
6067,798,388
6068,799,71
6069,799,72
6070,800,72
6071,801,810
6072,803,809
6073,804,809
6074,805,809
6075,806,809
6076,807,809
6077,808,809
6078,809,1
6079,809,85
6080,809,40
6081,809,61
6082,809,803
6083,809,804
6084,809,805
6085,809,806
6086,809,807
6087,809,808
6088,810,1
6089,810,40
6090,810,622
6091,810,801
6092,810,938
6093,810,939
6094,810,940
6095,811,388
6096,811,812
6097,812,317
6098,812,811
6099,813,28
6100,813,387
6101,813,814
6102,814,387
6103,814,317
6104,814,492
6105,814,813
6106,815,271
6107,815,816
6108,815,604
6109,816,17
6110,816,34
6111,816,191
6112,816,815
6113,817,191
6114,818,152
6115,819,284
6116,820,823
6117,820,821
6118,821,823
6119,821,820
6120,822,825
6121,823,167
6122,823,171
6123,823,825
6124,823,824
6125,823,820
6126,823,821
6127,824,823
6128,825,823
6129,825,822
6130,826,597
6131,826,595
6132,826,598
6133,827,828
6134,827,929
6135,828,827
6136,828,829
6137,829,760
6138,829,828
6139,830,722
6140,831,760
6141,831,832
6142,831,833
6143,831,1216
6144,831,1258
6145,832,831
6146,832,930
6147,833,831
6148,834,92
6149,834,421
6150,834,93
6151,834,1023
6152,835,271
6153,835,762
6154,835,1014
6155,836,271
6156,836,762
6157,836,1014
6158,837,748
6159,837,752
6160,838,6
6161,838,49
6162,838,922
6163,839,143
6164,839,2
6165,840,22
6166,840,610
6167,841,502
6168,841,512
6169,841,525
6170,842,844
6171,843,845
6172,843,844
6173,844,845
6174,844,842
6175,844,843
6176,845,28
6177,845,33
6178,845,1169
6179,845,1178
6180,845,1180
6181,845,843
6182,845,844
6183,845,1183
6184,845,1184
6185,845,1185
6186,845,1188
6187,845,1171
6188,845,1172
6189,845,1173
6190,845,1177
6191,845,1179
6192,845,1186
6193,845,1187
6194,846,464
6195,847,57
6196,847,174
6197,847,464
6198,847,849
6199,847,850
6200,847,848
6201,848,51
6202,848,847
6203,849,464
6204,849,847
6205,850,56
6206,850,464
6207,850,847
6208,850,175
6209,850,551
6210,851,56
6211,851,464
6212,851,175
6213,851,551
6214,852,37
6215,852,47
6216,852,132
6217,852,129
6218,853,15
6219,853,854
6220,854,4
6221,854,853
6222,855,856
6223,856,4
6224,856,28
6225,856,778
6226,856,855
6227,856,857
6228,857,15
6229,857,856
6230,858,22
6231,859,118
6232,860,559
6233,861,95
6234,861,96
6235,862,863
6236,862,864
6237,863,874
6238,863,862
6239,863,864
6240,864,878
6241,864,862
6242,864,863
6243,864,865
6244,865,864
6245,866,867
6246,867,878
6247,867,866
6248,867,868
6249,868,867
6250,869,870
6251,870,878
6252,870,869
6253,870,871
6254,871,877
6255,871,874
6256,871,870
6257,872,873
6258,872,874
6259,873,879
6260,873,872
6261,873,874
6262,874,877
6263,874,879
6264,874,872
6265,874,873
6266,874,878
6267,874,863
6268,874,871
6269,875,876
6270,875,877
6271,876,879
6272,876,875
6273,877,879
6274,877,874
6275,877,878
6276,877,871
6277,877,875
6278,878,67
6279,878,877
6280,878,879
6281,878,874
6282,878,864
6283,878,867
6284,878,870
6285,879,876
6286,879,877
6287,879,873
6288,879,874
6289,879,878
6290,880,881
6291,880,1213
6292,881,29
6293,881,105
6294,881,11
6295,881,880
6296,882,411
6297,882,883
6298,883,100
6299,883,411
6300,883,882
6301,884,51
6302,884,473
6303,884,433
6304,884,434
6305,884,885
6306,885,155
6307,885,433
6308,885,434
6309,885,884
6310,886,298
6311,887,84
6312,887,101
6313,888,93
6314,889,2
6315,889,75
6316,889,290
6317,889,1156
6318,889,739
6319,889,588
6320,890,103
6321,891,97
6322,891,892
6323,892,891
6324,893,895
6325,893,894
6326,894,437
6327,894,893
6328,894,895
6329,894,896
6330,895,437
6331,895,893
6332,895,894
6333,895,896
6334,895,898
6335,895,899
6336,896,437
6337,896,895
6338,896,894
6339,897,437
6340,898,895
6341,899,895
6342,900,59
6343,901,59
6344,901,74
6345,902,143
6346,902,141
6347,902,903
6348,903,143
6349,903,142
6350,903,902
6351,904,143
6352,904,906
6353,905,908
6354,905,906
6355,906,908
6356,906,905
6357,906,907
6358,906,904
6359,907,908
6360,907,906
6361,908,143
6362,908,177
6363,908,905
6364,908,906
6365,908,907
6366,908,448
6367,908,474
6368,909,394
6369,910,394
6370,910,398
6371,911,394
6372,911,395
6373,911,913
6374,912,123
6375,912,410
6376,913,123
6377,913,408
6378,913,911
6379,914,123
6380,914,410
6381,915,84
6382,915,100
6383,915,432
6384,916,36
6385,916,309
6386,917,918
6387,918,1
6388,918,85
6389,918,917
6390,919,57
6391,919,174
6392,919,554
6393,920,40
6394,920,538
6395,921,170
6396,921,80
6397,922,75
6398,922,838
6399,922,923
6400,923,290
6401,923,922
6402,924,75
6403,925,75
6404,925,926
6405,926,925
6406,927,67
6407,927,58
6408,927,166
6409,927,1165
6410,928,544
6411,928,96
6412,928,1009
6413,929,104
6414,929,158
6415,929,687
6416,929,827
6417,929,930
6418,930,97
6419,930,722
6420,930,158
6421,930,687
6422,930,757
6423,930,760
6424,930,832
6425,930,929
6426,931,107
6427,932,49
6428,932,85
6429,932,933
6430,932,934
6431,933,932
6432,933,934
6433,934,932
6434,934,933
6435,934,935
6436,934,936
6437,934,937
6438,935,934
6439,936,934
6440,937,934
6441,938,810
6442,938,939
6443,939,810
6444,939,938
6445,940,810
6446,941,6
6447,941,1011
6448,942,708
6449,942,964
6450,942,962
6451,943,17
6452,943,27
6453,943,34
6454,943,53
6455,943,67
6456,943,29
6457,943,95
6458,943,97
6459,943,101
6460,943,102
6461,943,104
6462,943,105
6463,943,155
6464,943,298
6465,943,100
6466,943,156
6467,943,157
6468,943,432
6469,943,736
6470,943,737
6471,943,1217
6472,943,306
6473,943,307
6474,943,191
6475,944,473
6476,944,95
6477,944,1002
6478,944,1003
6479,944,945
6480,944,326
6481,945,473
6482,945,87
6483,945,944
6484,945,1002
6485,946,6
6486,946,49
6487,946,947
6488,946,1073
6489,947,166
6490,947,946
6491,948,87
6492,948,95
6493,949,27
6494,949,67
6495,949,950
6496,950,27
6497,950,67
6498,950,949
6499,950,959
6500,951,952
6501,951,953
6502,952,953
6503,952,951
6504,953,85
6505,953,952
6506,953,951
6507,954,1
6508,954,289
6509,955,958
6510,956,957
6511,956,958
6512,957,67
6513,957,956
6514,957,958
6515,958,1
6516,958,955
6517,958,956
6518,958,957
6519,959,1
6520,959,85
6521,959,950
6522,960,21
6523,960,530
6524,960,961
6525,961,1
6526,961,4
6527,961,36
6528,961,85
6529,961,152
6530,961,960
6531,962,942
6532,962,963
6533,963,962
6534,964,149
6535,964,942
6536,965,6
6537,965,49
6538,965,90
6539,965,98
6540,965,97
6541,965,1213
6542,965,968
6543,965,424
6544,965,975
6545,966,967
6546,967,29
6547,967,105
6548,967,968
6549,967,966
6550,968,6
6551,968,97
6552,968,965
6553,968,1213
6554,968,967
6555,968,969
6556,969,6
6557,969,49
6558,969,970
6559,969,968
6560,970,49
6561,970,969
6562,970,424
6563,971,424
6564,971,974
6565,972,973
6566,972,974
6567,973,972
6568,973,975
6569,974,971
6570,974,972
6571,974,975
6572,975,91
6573,975,965
6574,975,973
6575,975,974
6576,976,96
6577,976,107
6578,976,977
6579,977,976
6580,979,980
6581,979,982
6582,979,983
6583,980,979
6584,980,981
6585,980,984
6586,981,980
6587,981,982
6588,982,979
6589,982,981
6590,983,979
6591,983,984
6592,984,91
6593,984,980
6594,984,983
6595,985,424
6596,985,986
6597,986,155
6598,986,985
6599,987,424
6600,987,991
6601,988,424
6602,988,989
6603,989,91
6604,989,988
6605,990,991
6606,991,87
6607,991,987
6608,991,990
6609,992,96
6610,992,994
6611,993,473
6612,993,994
6613,994,992
6614,994,993
6615,995,999
6616,996,999
6617,997,95
6618,997,998
6619,998,88
6620,998,997
6621,998,999
6622,999,95
6623,999,103
6624,999,995
6625,999,996
6626,999,998
6627,999,1000
6628,1000,96
6629,1000,999
6630,1001,95
6631,1001,1002
6632,1002,944
6633,1002,945
6634,1002,1001
6635,1003,944
6636,1005,180
6637,1006,71
6638,1006,73
6639,1006,616
6640,1007,1
6641,1007,85
6642,1008,540
6643,1009,95
6644,1009,928
6645,1010,106
6646,1011,941
6647,1011,1012
6648,1012,1011
6649,1014,747
6650,1014,835
6651,1014,836
6652,1014,1015
6653,1015,271
6654,1015,1014
6655,1017,92
6656,1017,93
6657,1019,271
6658,1019,762
6659,1019,595
6660,1020,284
6661,1020,104
6662,1020,741
6663,1021,104
6664,1021,741
6665,1022,284
6666,1022,285
6667,1022,722
6668,1022,286
6669,1023,93
6670,1023,834
6671,1024,1025
6672,1024,751
6673,1025,78
6674,1025,84
6675,1025,271
6676,1025,297
6677,1025,556
6678,1025,597
6679,1025,1026
6680,1025,555
6681,1025,750
6682,1025,1024
6683,1026,1025
6684,1027,271
6685,1027,421
6686,1027,750
6687,1027,755
6688,1028,590
6689,1028,1029
6690,1029,592
6691,1029,1028
6692,1029,1030
6693,1029,1031
6694,1029,1032
6695,1029,1033
6696,1030,1029
6697,1031,1029
6698,1032,1029
6699,1032,1033
6700,1033,1029
6701,1033,738
6702,1033,1032
6703,1034,72
6704,1034,55
6705,1035,1036
6706,1035,1037
6707,1035,1038
6708,1035,1039
6709,1035,1042
6710,1035,1044
6711,1035,1245
6712,1035,1246
6713,1036,1035
6714,1036,1037
6715,1036,1038
6716,1036,1039
6717,1036,1043
6718,1036,1045
6719,1036,1072
6720,1036,1247
6721,1036,1248
6722,1037,1035
6723,1037,1036
6724,1037,1040
6725,1037,1041
6726,1037,1047
6727,1038,314
6728,1038,1035
6729,1038,1036
6730,1038,1039
6731,1038,1041
6732,1038,1044
6733,1038,1046
6734,1038,1061
6735,1038,1065
6736,1039,1035
6737,1039,1036
6738,1039,1038
6739,1039,1040
6740,1039,1041
6741,1039,1047
6742,1040,1037
6743,1040,1039
6744,1040,1042
6745,1040,1047
6746,1040,1060
6747,1040,1245
6748,1040,1246
6749,1041,1037
6750,1041,1038
6751,1041,1039
6752,1041,1043
6753,1041,1049
6754,1041,1051
6755,1041,1052
6756,1041,1244
6757,1041,1247
6758,1041,1248
6759,1042,1035
6760,1042,1040
6761,1043,1036
6762,1043,1041
6763,1044,1035
6764,1044,1038
6765,1044,1045
6766,1044,1050
6767,1044,1051
6768,1044,1052
6769,1044,1072
6770,1045,1036
6771,1045,1044
6772,1046,1038
6773,1046,1047
6774,1046,1048
6775,1046,1053
6776,1046,1054
6777,1047,1037
6778,1047,1039
6779,1047,1040
6780,1047,1046
6781,1047,1048
6782,1047,1056
6783,1047,1057
6784,1047,1060
6785,1048,1046
6786,1048,1047
6787,1049,1041
6788,1050,1044
6789,1050,1244
6790,1051,1041
6791,1051,1044
6792,1052,1041
6793,1052,1044
6794,1053,1046
6795,1053,1055
6796,1054,1046
6797,1054,1055
6798,1055,1053
6799,1055,1054
6800,1055,1056
6801,1055,1058
6802,1055,1059
6803,1056,1047
6804,1056,1055
6805,1056,1057
6806,1057,1047
6807,1057,1056
6808,1057,1058
6809,1058,1055
6810,1058,1057
6811,1058,1059
6812,1059,1055
6813,1059,1058
6814,1060,1040
6815,1060,1047
6816,1061,1038
6817,1061,1062
6818,1061,1063
6819,1062,314
6820,1062,1061
6821,1063,314
6822,1063,1061
6823,1063,1064
6824,1064,314
6825,1064,1063
6826,1065,1038
6827,1065,1066
6828,1066,1065
6829,1066,1067
6830,1066,1068
6831,1067,314
6832,1067,1066
6833,1068,314
6834,1068,1066
6835,1069,7
6836,1069,28
6837,1069,33
6838,1069,35
6839,1069,1070
6840,1069,1100
6841,1069,1071
6842,1069,1072
6843,1069,1108
6844,1069,1114
6845,1069,1115
6846,1069,1116
6847,1069,1117
6848,1069,1118
6849,1069,1157
6850,1069,1158
6851,1069,1159
6852,1069,1085
6853,1069,1086
6854,1069,1091
6855,1069,1093
6856,1069,1092
6857,1069,1094
6858,1069,1095
6859,1069,1096
6860,1069,1097
6861,1069,1098
6862,1069,1099
6863,1069,1249
6864,1070,28
6865,1070,33
6866,1070,34
6867,1070,38
6868,1070,291
6869,1070,292
6870,1070,500
6871,1070,502
6872,1070,1069
6873,1070,1100
6874,1070,1101
6875,1070,1102
6876,1070,1103
6877,1070,1104
6878,1070,1105
6879,1070,1107
6880,1070,1071
6881,1070,1072
6882,1070,1108
6883,1070,1109
6884,1070,1112
6885,1070,1113
6886,1070,1114
6887,1070,1115
6888,1070,1116
6889,1070,1117
6890,1070,1118
6891,1070,1159
6892,1070,1095
6893,1070,1096
6894,1070,1097
6895,1070,1098
6896,1070,1099
6897,1070,1249
6898,1071,1069
6899,1071,1070
6900,1071,1072
6901,1072,1069
6902,1072,1070
6903,1072,1036
6904,1072,1044
6905,1072,1071
6906,1073,481
6907,1073,946
6908,1074,6
6909,1074,49
6910,1074,481
6911,1075,173
6912,1075,378
6913,1076,173
6914,1076,378
6915,1077,72
6916,1078,61
6917,1078,273
6918,1079,40
6919,1079,61
6920,1080,6
6921,1080,49
6922,1080,40
6923,1080,61
6924,1081,61
6925,1081,273
6926,1082,176
6927,1082,1083
6928,1082,1084
6929,1083,177
6930,1083,1082
6931,1084,177
6932,1084,1082
6933,1085,7
6934,1085,35
6935,1085,1069
6936,1085,182
6937,1085,1086
6938,1085,1089
6939,1085,1090
6940,1085,1091
6941,1085,1093
6942,1085,1087
6943,1085,1088
6944,1085,1092
6945,1086,1069
6946,1086,1085
6947,1087,1085
6948,1088,1085
6949,1089,1085
6950,1089,1090
6951,1090,1085
6952,1090,1089
6953,1091,1069
6954,1091,1085
6955,1092,7
6956,1092,35
6957,1092,1069
6958,1092,1085
6959,1093,1069
6960,1093,1085
6961,1094,1069
6962,1095,1069
6963,1095,1070
6964,1096,1069
6965,1096,1070
6966,1097,1069
6967,1097,1070
6968,1098,1069
6969,1098,1070
6970,1099,1069
6971,1099,1070
6972,1100,1069
6973,1100,1070
6974,1100,1101
6975,1101,1070
6976,1101,1100
6977,1101,1102
6978,1101,1103
6979,1101,1104
6980,1101,1105
6981,1101,1107
6982,1101,1106
6983,1101,1157
6984,1102,1070
6985,1102,1101
6986,1103,1070
6987,1103,1101
6988,1104,1070
6989,1104,1101
6990,1105,1070
6991,1105,1101
6992,1105,1106
6993,1106,1101
6994,1106,1105
6995,1107,1070
6996,1107,1101
6997,1108,1069
6998,1108,1070
6999,1108,1109
7000,1109,1070
7001,1109,1108
7002,1110,1111
7003,1110,1112
7004,1110,1113
7005,1110,1158
7006,1111,1110
7007,1111,1159
7008,1112,1070
7009,1112,1110
7010,1113,1070
7011,1113,1110
7012,1114,1069
7013,1114,1070
7014,1115,1069
7015,1115,1070
7016,1116,1069
7017,1116,1070
7018,1117,1069
7019,1117,1070
7020,1118,1069
7021,1118,1070
7022,1119,1120
7023,1119,1121
7024,1119,1122
7025,1119,1123
7026,1119,1124
7027,1119,1127
7028,1119,1128
7029,1119,1131
7030,1119,1132
7031,1119,1133
7032,1119,1134
7033,1119,1135
7034,1119,1136
7035,1119,1137
7036,1119,1138
7037,1119,1140
7038,1119,1142
7039,1119,1143
7040,1119,1144
7041,1119,1145
7042,1119,1146
7043,1119,1147
7044,1120,1119
7045,1120,1121
7046,1121,1119
7047,1121,1120
7048,1121,1122
7049,1121,1126
7050,1121,1128
7051,1122,1119
7052,1122,1121
7053,1123,1119
7054,1123,1124
7055,1123,1125
7056,1123,1126
7057,1123,1146
7058,1123,1147
7059,1124,1119
7060,1124,1123
7061,1124,1125
7062,1125,1123
7063,1125,1124
7064,1126,1121
7065,1126,1123
7066,1127,1119
7067,1128,1119
7068,1128,1121
7069,1131,1119
7070,1131,1139
7071,1132,1119
7072,1132,1139
7073,1133,1119
7074,1133,1139
7075,1134,1119
7076,1134,1139
7077,1135,1119
7078,1135,1139
7079,1136,1119
7080,1136,1139
7081,1137,1119
7082,1137,1139
7083,1138,1119
7084,1138,1139
7085,1139,1131
7086,1139,1132
7087,1139,1133
7088,1139,1134
7089,1139,1135
7090,1139,1136
7091,1139,1137
7092,1139,1138
7093,1140,1119
7094,1140,1141
7095,1141,1140
7096,1142,1119
7097,1143,1119
7098,1144,1119
7099,1145,1119
7100,1146,1119
7101,1146,1123
7102,1147,1119
7103,1147,1123
7104,1148,57
7105,1148,1149
7106,1148,316
7107,1149,57
7108,1149,174
7109,1149,1148
7110,1150,284
7111,1150,1153
7112,1150,1151
7113,1151,284
7114,1151,1150
7115,1152,1153
7116,1153,1150
7117,1153,1152
7118,1154,586
7119,1155,75
7120,1155,1156
7121,1156,889
7122,1156,1155
7123,1157,1069
7124,1157,1101
7125,1158,1069
7126,1158,1110
7127,1158,1159
7128,1159,1069
7129,1159,1070
7130,1159,1111
7131,1159,1158
7132,1160,22
7133,1160,59
7134,1161,22
7135,1161,59
7136,1162,6
7137,1162,49
7138,1162,73
7139,1162,1163
7140,1162,153
7141,1163,22
7142,1163,71
7143,1163,26
7144,1163,379
7145,1163,1162
7146,1164,71
7147,1164,379
7148,1165,67
7149,1165,58
7150,1165,166
7151,1165,927
7152,1166,722
7153,1167,761
7154,1168,158
7155,1168,687
7156,1169,53
7157,1169,845
7158,1169,1170
7159,1170,53
7160,1170,1169
7161,1170,1171
7162,1171,845
7163,1171,1170
7164,1172,53
7165,1172,845
7166,1172,1174
7167,1172,1175
7168,1173,845
7169,1173,1174
7170,1173,1175
7171,1174,1172
7172,1174,1173
7173,1174,1175
7174,1175,1176
7175,1175,1172
7176,1175,1173
7177,1175,1174
7178,1176,1178
7179,1176,1175
7180,1176,1177
7181,1176,1186
7182,1177,54
7183,1177,845
7184,1177,1176
7185,1178,54
7186,1178,845
7187,1178,1176
7188,1179,845
7189,1180,845
7190,1180,1188
7191,1181,1182
7192,1181,1183
7193,1182,1181
7194,1182,1183
7195,1183,845
7196,1183,1181
7197,1183,1182
7198,1184,845
7199,1184,1185
7200,1185,845
7201,1185,1184
7202,1186,845
7203,1186,1176
7204,1187,845
7205,1188,845
7206,1188,1180
7207,1189,33
7208,1189,1190
7209,1190,1189
7210,1191,566
7211,1192,566
7212,1193,56
7213,1193,464
7214,1193,550
7215,1194,1196
7216,1194,1195
7217,1194,1197
7218,1195,1194
7219,1195,1196
7220,1195,1198
7221,1196,1194
7222,1196,1195
7223,1196,1197
7224,1197,95
7225,1197,1194
7226,1197,1196
7227,1197,1198
7228,1198,1195
7229,1198,1197
7230,1199,101
7231,1199,1200
7232,1200,29
7233,1200,105
7234,1200,1199
7235,1200,1201
7236,1201,1200
7237,1202,73
7238,1203,6
7239,1203,1204
7240,1204,73
7241,1204,1203
7242,1204,1205
7243,1204,1208
7244,1205,73
7245,1205,1204
7246,1205,1208
7247,1206,40
7248,1206,61
7249,1206,1207
7250,1207,1206
7251,1208,1204
7252,1208,1205
7253,1208,1209
7254,1209,73
7255,1209,1208
7256,1210,21
7257,1210,1212
7258,1211,26
7259,1211,616
7260,1211,1212
7261,1212,615
7262,1212,1210
7263,1212,1211
7264,1213,5
7265,1213,165
7266,1213,29
7267,1213,97
7268,1213,101
7269,1213,102
7270,1213,104
7271,1213,105
7272,1213,965
7273,1213,1214
7274,1213,11
7275,1213,968
7276,1213,880
7277,1213,1235
7278,1214,29
7279,1214,97
7280,1214,101
7281,1214,102
7282,1214,105
7283,1214,1213
7284,1214,11
7285,1215,757
7286,1216,831
7287,1217,53
7288,1217,943
7289,1217,29
7290,1217,737
7291,1218,1220
7292,1219,1220
7293,1220,67
7294,1220,1218
7295,1220,1219
7296,1220,1221
7297,1221,154
7298,1221,1220
7299,1222,123
7300,1222,1223
7301,1222,1224
7302,1222,1225
7303,1222,1226
7304,1222,1227
7305,1222,1228
7306,1222,1229
7307,1222,1230
7308,1222,1231
7309,1222,1232
7310,1223,1222
7311,1224,1222
7312,1225,1222
7313,1226,1222
7314,1227,1222
7315,1228,1222
7316,1229,1222
7317,1230,1222
7318,1231,1222
7319,1232,1222
7320,1233,51
7321,1233,138
7322,1234,34
7323,1234,353
7324,1235,5
7325,1235,165
7326,1235,1213
7327,1236,5
7328,1236,165
7329,1236,97
7330,1237,1238
7331,1238,6
7332,1238,296
7333,1238,1237
7334,1238,1241
7335,1238,1242
7336,1238,1243
7337,1239,1240
7338,1240,1239
7339,1240,1243
7340,1241,6
7341,1241,1238
7342,1241,1242
7343,1242,6
7344,1242,1238
7345,1242,1241
7346,1243,296
7347,1243,1238
7348,1243,1240
7349,1244,1041
7350,1244,1050
7351,1245,1035
7352,1245,1040
7353,1246,1035
7354,1246,1040
7355,1247,1036
7356,1247,1041
7357,1248,1036
7358,1248,1041
7359,1249,1069
7360,1249,1070
7361,1250,284
7362,1250,566
7363,1251,284
7364,1251,566
7365,1252,34
7366,1252,51
7367,1252,53
7368,1252,79
7369,1252,271
7370,1252,291
7371,1252,292
7372,1252,500
7373,1252,123
7374,1252,136
7375,1252,140
7376,1252,601
7377,1252,602
7378,1252,54
7379,1252,732
7380,1252,577
7381,1253,79
7382,1253,291
7383,1253,292
7384,1253,23
7385,1253,278
7386,1254,53
7387,1254,92
7388,1254,421
7389,1254,642
7390,1254,93
7391,1254,422
7392,1255,51
7393,1255,92
7394,1255,421
7395,1255,93
7396,1255,422
7397,1256,51
7398,1256,1257
7399,1257,51
7400,1257,53
7401,1257,8
7402,1257,1256
7403,1258,831
7404,1259,70
